301 191 5
301 204 4
301 269 4
301 283 4
301 423 4
301 484 5
301 515 4
301 604 5
302 243 3
302 269 4
302 286 2
302 313 4
302 315 4
302 326 4
302 328 3
302 333 4
302 678 3
303 258 4
303 268 3
303 269 4
303 294 3
303 300 3
303 303 4
303 305 4
303 325 2
303 333 4
303 340 4
303 682 4
303 995 3
304 64 5
304 143 3
304 194 5
304 245 3
304 286 4
304 418 4
304 480 5
304 492 5
304 604 5
304 606 4
304 705 4
305 137 3
305 272 5
305 327 4
305 650 4
305 651 4
305 750 4
305 886 2
306 121 4
306 126 4
306 127 4
306 151 5
306 252 4
306 289 4
306 405 3
306 924 3
307 111 4
307 118 3
307 181 4
307 220 5
307 252 4
307 258 4
307 298 4
307 301 4
307 471 5
307 476 3
307 546 3
307 845 4
307 926 3
308 245 3
308 288 4
308 300 4
308 873 2
308 879 4
309 268 3
309 270 3
309 292 4
309 300 4
309 302 5
309 310 3
309 313 5
309 332 3
309 346 3
309 682 4
309 690 5
309 880 2
310 21 1
310 94 3
310 181 4
310 240 3
310 300 4
310 596 4
310 597 3
311 64 5
311 111 4
311 151 5
311 251 4
311 257 4
311 272 5
311 750 5
311 751 3
312 1 4
312 9 5
312 100 4
312 129 4
312 268 3
312 276 4
312 286 4
312 300 3
312 742 4
313 243 3
313 286 4
313 288 4
313 310 3
313 313 5
313 315 4
313 323 2
313 333 4
313 748 4
314 258 3
314 272 5
314 288 4
314 319 4
314 362 4
314 882 3
314 891 3
315 243 3
315 259 3
315 288 4
315 294 3
315 321 3
315 339 3
315 342 4
315 359 4
315 410 5
315 597 3
315 687 2
315 875 2
315 988 1
316 14 4
316 237 5
316 245 4
316 272 5
316 313 5
316 321 3
316 676 4
317 272 5
317 315 4
317 316 4
317 319 2
317 345 5
318 98 3
318 173 3
318 245 4
318 269 4
318 286 4
318 288 4
318 294 3
318 301 4
318 313 5
318 315 4
318 347 4
318 752 1
319 271 2
319 288 4
319 289 2
319 301 4
319 304 3
319 308 4
319 310 3
319 331 4
319 338 3
319 877 2
319 938 1
319 989 5
320 269 4
320 271 2
320 288 4
320 294 3
320 300 3
320 305 4
320 325 2
320 327 4
320 333 3
320 343 2
320 890 4
321 100 4
321 150 5
321 151 5
321 168 4
321 191 5
321 194 5
321 198 4
321 205 4
321 222 3
321 276 4
321 288 4
321 313 5
321 682 3
321 902 5
322 1 4
322 24 3
322 147 3
322 254 3
322 405 4
322 410 5
322 471 5
322 473 2
322 742 4
323 100 4
323 264 3
323 328 3
323 456 2
323 687 2
323 876 4
323 881 3
323 948 3
324 245 4
324 270 3
324 289 2
324 294 3
324 309 3
324 322 4
324 328 3
324 879 2
325 237 4
325 271 2
325 278 3
325 288 4
325 298 4
325 300 4
325 313 5
325 328 3
325 343 2
325 682 3
325 742 4
325 763 4
326 13 3
326 25 3
326 100 4
326 111 3
326 116 4
326 150 5
326 235 3
326 283 3
326 306 5
326 476 3
326 756 3
327 258 3
327 300 4
327 303 2
327 319 4
327 333 3
327 334 3
328 14 5
328 50 5
328 222 3
328 258 3
328 748 2
328 832 4
328 845 4
329 245 4
329 264 3
329 268 4
329 322 4
329 323 2
329 328 3
329 354 4
329 678 3
329 748 2
329 879 2
330 259 1
330 267 5
330 268 4
330 301 4
330 306 2
330 333 3
330 338 3
330 346 4
330 682 3
330 751 5
330 879 2
331 1 4
331 5 3
331 7 4
331 8 4
331 9 5
331 11 4
331 12 4
331 22 5
331 31 4
331 38 3
331 53 4
331 54 4
331 56 4
331 70 4
331 73 4
331 77 3
331 79 4
331 82 4
331 95 4
331 96 4
331 97 4
331 98 3
331 105 1
331 106 3
331 117 4
331 118 3
331 120 2
331 121 4
331 122 2
331 123 2
331 125 2
331 127 4
331 144 3
331 156 4
331 159 4
331 172 5
331 174 5
331 181 4
331 182 5
331 204 3
331 210 3
331 218 4
331 222 3
331 227 4
331 228 5
331 229 3
331 230 5
331 232 3
331 233 4
331 234 4
331 235 3
331 237 4
331 240 3
331 249 2
331 255 3
331 257 5
331 258 3
331 264 3
331 265 5
331 271 3
331 273 5
331 282 3
331 288 4
331 291 4
331 293 4
331 294 4
331 295 4
331 298 4
331 300 4
331 307 4
331 313 5
331 322 4
331 323 2
331 326 3
331 327 4
331 328 3
331 332 4
331 333 3
331 342 1
331 356 4
331 369 2
331 370 3
331 405 4
331 406 2
331 409 4
331 410 5
331 449 4
331 450 2
331 451 4
331 452 3
331 456 2
331 470 4
331 546 3
331 566 4
331 595 3
331 597 3
331 628 2
331 651 4
331 655 4
331 660 4
331 673 4
331 679 4
331 684 4
331 693 4
331 696 3
331 728 3
331 746 5
331 756 3
331 763 4
331 770 4
331 815 3
331 824 3
331 827 3
331 831 2
331 833 4
331 840 3
331 841 2
331 845 4
331 866 3
331 871 2
331 879 2
331 895 3
331 928 3
331 931 2
331 934 4
331 975 4
331 978 2
331 982 2
331 983 3
332 88 4
332 153 4
332 168 4
332 180 4
332 186 4
332 269 3
332 294 4
332 315 4
332 316 4
332 435 5
332 513 5
332 748 2
332 873 5
333 4 4
333 7 4
333 8 4
333 9 5
333 12 4
333 13 3
333 19 4
333 20 3
333 22 5
333 23 4
333 28 5
333 42 4
333 50 5
333 52 4
333 56 4
333 58 4
333 59 5
333 61 4
333 68 3
333 69 4
333 70 4
333 72 4
333 73 4
333 74 4
333 77 3
333 79 3
333 81 3
333 86 3
333 89 5
333 91 4
333 93 4
333 95 4
333 98 4
333 100 4
333 111 3
333 115 5
333 116 5
333 117 4
333 124 4
333 125 2
333 127 4
333 131 3
333 132 4
333 134 5
333 135 4
333 143 3
333 150 5
333 153 4
333 154 4
333 155 3
333 160 4
333 163 4
333 164 4
333 168 4
333 169 5
333 170 5
333 171 3
333 172 5
333 173 3
333 174 5
333 175 4
333 176 4
333 181 4
333 182 5
333 183 4
333 185 4
333 186 4
333 191 5
333 196 4
333 197 5
333 200 4
333 203 4
333 204 3
333 207 5
333 210 3
333 213 4
333 216 3
333 217 3
333 220 5
333 221 4
333 222 3
333 223 5
333 224 4
333 225 3
333 227 4
333 228 5
333 229 3
333 230 5
333 231 3
333 235 3
333 237 4
333 238 4
333 239 4
333 244 4
333 245 4
333 248 4
333 250 3
333 255 3
333 257 5
333 258 3
333 265 5
333 268 4
333 269 3
333 271 3
333 272 5
333 275 5
333 276 4
333 277 4
333 282 3
333 283 3
333 285 4
333 286 4
333 287 4
333 288 4
333 289 2
333 293 4
333 297 4
333 300 4
333 301 4
333 303 2
333 305 4
333 306 2
333 310 3
333 311 4
333 312 3
333 313 5
333 315 4
333 316 4
333 317 4
333 318 2
333 319 4
333 322 4
333 324 3
333 326 3
333 328 3
333 333 3
333 337 3
333 338 3
333 340 3
333 345 5
333 346 4
333 347 4
333 371 4
333 396 4
333 405 4
333 408 5
333 421 4
333 423 4
333 425 4
333 428 4
333 429 5
333 430 4
333 433 4
333 436 4
333 443 4
333 449 4
333 450 2
333 461 4
333 462 3
333 474 5
333 475 5
333 476 3
333 481 1
333 483 3
333 484 5
333 485 4
333 488 4
333 494 4
333 498 4
333 500 4
333 502 4
333 505 4
333 506 5
333 508 4
333 510 5
333 512 4
333 514 3
333 515 5
333 521 4
333 525 5
333 529 4
333 537 5
333 553 4
333 558 4
333 566 4
333 577 3
333 582 4
333 591 4
333 603 5
333 606 4
333 607 4
333 620 4
333 628 2
333 629 4
333 631 4
333 634 5
333 635 3
333 640 3
333 642 4
333 652 4
333 655 4
333 657 4
333 658 5
333 663 4
333 675 4
333 678 3
333 684 4
333 689 3
333 693 4
333 707 4
333 708 5
333 709 4
333 710 4
333 712 4
333 716 4
333 736 5
333 740 4
333 742 5
333 744 4
333 746 5
333 753 5
333 762 3
333 792 4
333 815 3
333 840 3
333 845 4
333 846 4
333 855 4
333 856 4
333 865 3
333 870 5
333 877 2
333 879 2
333 886 2
333 887 4
333 888 4
333 896 4
333 899 3
333 902 5
333 905 4
333 906 4
333 922 4
333 931 2
333 936 5
333 937 5
333 945 4
333 950 3
333 955 5
333 961 1
333 969 3
334 245 4
334 258 3
334 269 3
334 288 4
334 307 4
334 313 5
334 324 3
334 342 1
334 347 4
334 748 2
334 902 5
335 3 3
335 4 4
335 13 3
335 15 4
335 26 4
335 33 4
335 41 3
335 42 4
335 49 4
335 56 4
335 66 5
335 67 3
335 88 4
335 94 3
335 100 4
335 105 1
335 111 3
335 117 4
335 121 4
335 122 2
335 124 4
335 125 2
335 151 4
335 153 4
335 154 4
335 158 4
335 168 4
335 186 4
335 202 4
335 208 5
335 216 3
335 232 3
335 237 4
335 239 4
335 275 5
335 276 4
335 282 3
335 284 5
335 290 3
335 367 3
335 383 2
335 388 3
335 395 3
335 401 3
335 405 4
335 410 5
335 451 4
335 475 5
335 546 3
335 571 4
335 577 3
335 619 4
335 628 2
335 655 4
335 692 4
335 710 4
335 722 4
335 732 4
335 738 3
335 742 5
335 762 3
335 763 4
335 765 4
335 780 3
335 781 4
335 785 4
335 790 3
335 796 4
335 824 3
335 859 3
335 864 3
335 959 4
335 998 5
335 999 5
336 15 4
336 50 5
336 106 3
336 121 4
336 127 4
336 181 4
336 228 5
336 230 5
336 235 3
336 257 5
336 371 4
336 380 4
336 392 4
336 515 5
336 520 5
336 631 4
336 742 5
336 831 2
337 1 4
337 56 4
337 79 3
337 83 4
337 132 4
337 133 2
337 134 5
337 135 5
337 168 4
337 170 5
337 174 5
337 175 4
337 180 4
337 189 4
337 194 5
337 204 5
337 208 5
337 211 3
337 212 3
337 213 4
337 215 5
337 216 3
337 269 3
337 294 4
337 301 4
337 306 2
337 310 3
337 435 5
337 443 4
337 462 3
337 474 5
337 480 5
337 483 3
337 484 5
337 486 4
337 488 4
337 490 4
337 494 4
337 498 4
337 511 4
337 513 5
337 514 3
337 516 4
337 523 4
337 525 5
337 582 4
337 604 5
337 607 4
337 613 5
337 650 4
337 654 4
337 708 5
337 792 4
337 945 4
338 1 4
338 4 4
338 5 3
338 7 4
338 11 4
338 12 4
338 22 5
338 23 4
338 25 3
338 28 5
338 29 3
338 30 4
338 32 4
338 42 4
338 47 4
338 50 5
338 55 4
338 56 4
338 58 4
338 64 5
338 65 3
338 67 3
338 69 4
338 73 4
338 74 4
338 76 4
338 79 3
338 80 3
338 81 3
338 82 4
338 86 3
338 88 4
338 89 5
338 91 4
338 97 4
338 98 4
338 100 4
338 101 3
338 117 4
338 121 4
338 124 4
338 126 4
338 127 4
338 130 4
338 131 3
338 132 4
338 133 2
338 134 5
338 135 5
338 136 5
338 139 3
338 144 3
338 145 3
338 150 5
338 151 4
338 153 4
338 154 4
338 156 4
338 157 4
338 159 4
338 160 4
338 161 4
338 163 4
338 167 4
338 168 4
338 170 5
338 174 5
338 175 4
338 179 4
338 180 4
338 181 4
338 183 4
338 186 4
338 188 4
338 190 4
338 191 5
338 192 4
338 194 5
338 195 5
338 196 2
338 197 5
338 198 4
338 199 4
338 203 4
338 204 5
338 205 4
338 208 5
338 209 4
338 214 3
338 222 5
338 226 3
338 227 4
338 228 5
338 231 3
338 233 4
338 235 3
338 238 4
338 240 3
338 248 4
338 257 5
338 258 3
338 265 5
338 269 3
338 270 3
338 276 4
338 286 4
338 288 3
338 298 4
338 302 5
338 317 4
338 327 4
338 347 4
338 357 5
338 380 4
338 383 2
338 402 4
338 403 4
338 404 4
338 410 5
338 411 3
338 415 3
338 427 4
338 428 4
338 431 5
338 433 4
338 435 5
338 436 4
338 447 3
338 449 4
338 451 4
338 461 4
338 469 4
338 474 5
338 475 5
338 478 4
338 479 5
338 483 3
338 484 5
338 485 4
338 496 5
338 498 4
338 503 4
338 508 4
338 509 4
338 514 3
338 515 5
338 516 4
338 521 4
338 522 4
338 523 4
338 525 5
338 527 4
338 528 5
338 530 4
338 546 3
338 549 4
338 550 3
338 566 4
338 568 4
338 573 3
338 582 4
338 603 5
338 607 4
338 614 4
338 631 4
338 632 5
338 636 4
338 637 4
338 640 3
338 642 4
338 649 5
338 650 4
338 655 4
338 657 4
338 661 5
338 663 5
338 673 4
338 675 4
338 678 3
338 693 4
338 702 5
338 709 4
338 719 3
338 735 4
338 737 3
338 739 5
338 770 4
338 772 4
338 806 4
338 823 3
338 845 1
338 856 4
338 939 4
338 942 4
338 961 1
339 1 4
339 15 4
339 50 5
339 66 5
339 71 4
339 143 3
339 172 5
339 174 5
339 179 4
339 181 4
339 205 4
339 215 5
339 265 5
339 274 3
339 402 4
339 405 4
339 423 3
339 435 5
339 486 4
339 502 4
339 504 4
339 520 5
339 526 4
339 584 4
339 662 4
339 946 4
340 3 3
340 4 4
340 7 4
340 8 4
340 11 4
340 13 3
340 15 4
340 23 4
340 25 3
340 26 4
340 28 5
340 47 4
340 56 4
340 58 4
340 68 3
340 92 4
340 93 4
340 95 4
340 98 4
340 100 4
340 108 3
340 111 3
340 122 2
340 123 2
340 124 4
340 129 4
340 131 3
340 132 4
340 133 2
340 134 5
340 135 5
340 143 3
340 144 3
340 156 4
340 160 4
340 174 5
340 175 4
340 179 4
340 188 4
340 189 4
340 191 5
340 192 4
340 193 4
340 194 5
340 196 2
340 197 5
340 204 4
340 208 5
340 209 4
340 212 3
340 216 3
340 223 5
340 237 4
340 238 4
340 240 3
340 248 4
340 251 5
340 255 3
340 257 5
340 262 4
340 274 3
340 276 4
340 282 3
340 286 4
340 287 4
340 288 3
340 289 2
340 294 4
340 297 4
340 298 4
340 301 4
340 319 4
340 320 4
340 326 3
340 327 4
340 367 3
340 378 4
340 381 4
340 382 3
340 408 5
340 412 3
340 421 4
340 423 3
340 427 4
340 433 4
340 461 4
340 483 3
340 487 4
340 496 5
340 499 5
340 508 4
340 517 4
340 518 4
340 523 4
340 531 5
340 535 4
340 544 3
340 547 3
340 558 4
340 574 5
340 581 4
340 584 4
340 591 4
340 606 3
340 607 4
340 654 4
340 655 4
340 656 4
340 657 4
340 663 5
340 692 4
340 699 4
340 723 4
340 724 4
340 727 4
340 732 4
340 746 5
340 756 3
340 762 3
340 764 3
340 772 4
340 789 5
340 792 4
340 813 4
340 818 4
340 844 3
340 846 4
340 866 3
340 873 5
340 875 2
340 928 3
340 950 3
340 965 5
340 975 4
341 1 4
341 4 4
341 7 4
341 8 4
341 9 5
341 10 5
341 11 4
341 12 4
341 20 3
341 23 4
341 25 3
341 26 4
341 28 5
341 38 3
341 42 4
341 44 3
341 47 4
341 48 4
341 50 5
341 52 5
341 53 4
341 55 4
341 56 4
341 57 5
341 58 4
341 62 4
341 63 2
341 65 3
341 66 5
341 67 3
341 68 3
341 69 4
341 76 4
341 77 3
341 79 3
341 81 3
341 82 4
341 83 4
341 86 3
341 87 1
341 90 5
341 97 4
341 98 4
341 100 4
341 117 4
341 118 3
341 121 4
341 124 4
341 127 4
341 132 4
341 134 5
341 135 5
341 137 3
341 143 3
341 144 3
341 147 3
341 152 4
341 153 4
341 155 3
341 156 4
341 159 4
341 163 4
341 164 4
341 168 4
341 169 5
341 174 5
341 176 4
341 177 4
341 179 4
341 180 3
341 186 4
341 187 3
341 188 4
341 189 4
341 193 4
341 194 5
341 196 2
341 197 5
341 199 5
341 200 4
341 208 5
341 211 3
341 214 3
341 223 5
341 228 5
341 229 3
341 231 3
341 234 4
341 235 3
341 236 3
341 237 4
341 241 4
341 250 3
341 257 5
341 265 5
341 269 3
341 275 5
341 276 4
341 277 4
341 283 3
341 288 3
341 297 4
341 302 5
341 303 2
341 306 2
341 318 3
341 324 3
341 333 4
341 334 3
341 357 3
341 358 3
341 371 4
341 375 5
341 382 3
341 385 4
341 405 4
341 408 5
341 410 3
341 423 3
341 427 4
341 429 5
341 435 5
341 449 4
341 461 4
341 462 3
341 463 4
341 471 5
341 473 2
341 474 5
341 475 5
341 476 3
341 483 3
341 498 4
341 499 5
341 508 4
341 510 5
341 515 5
341 521 4
341 523 4
341 527 4
341 528 5
341 530 4
341 536 4
341 546 3
341 555 5
341 559 3
341 561 3
341 568 4
341 569 2
341 581 4
341 582 4
341 606 3
341 614 4
341 631 4
341 642 4
341 654 4
341 655 4
341 657 4
341 660 4
341 684 4
341 702 5
341 703 4
341 708 5
341 712 4
341 724 4
341 727 4
341 729 4
341 739 5
341 744 4
341 747 4
341 778 4
341 786 5
341 792 4
341 823 3
341 919 4
341 921 5
341 930 3
341 931 2
341 943 4
341 950 3
341 951 4
341 961 1
341 980 4
342 1 4
342 4 4
342 5 3
342 8 4
342 9 5
342 11 4
342 12 4
342 13 3
342 14 5
342 22 5
342 25 3
342 26 4
342 39 3
342 45 5
342 58 4
342 70 5
342 71 4
342 73 4
342 79 3
342 86 3
342 87 1
342 88 4
342 89 3
342 95 4
342 96 4
342 97 4
342 98 4
342 111 3
342 118 3
342 119 5
342 121 4
342 122 2
342 124 4
342 125 2
342 127 4
342 129 4
342 132 4
342 137 3
342 151 4
342 169 5
342 172 5
342 174 5
342 176 4
342 181 4
342 183 4
342 190 4
342 191 5
342 195 5
342 196 2
342 198 4
342 202 4
342 203 4
342 204 4
342 208 5
342 210 3
342 216 3
342 222 5
342 228 5
342 235 3
342 237 4
342 244 4
342 245 4
342 246 2
342 248 4
342 251 5
342 255 3
342 268 4
342 269 3
342 272 5
342 273 5
342 275 5
342 276 4
342 278 3
342 280 4
342 281 3
342 283 3
342 284 5
342 285 4
342 286 4
342 288 3
342 291 4
342 295 4
342 297 4
342 298 4
342 301 4
342 303 2
342 304 5
342 311 4
342 313 5
342 315 4
342 316 4
342 322 4
342 357 3
342 367 4
342 385 4
342 405 4
342 421 4
342 433 4
342 451 4
342 459 4
342 462 3
342 471 5
342 472 3
342 476 3
342 477 4
342 478 3
342 479 5
342 486 4
342 487 4
342 494 4
342 508 4
342 509 4
342 511 5
342 516 4
342 535 4
342 537 5
342 559 3
342 562 5
342 568 4
342 597 3
342 619 4
342 647 4
342 660 4
342 663 5
342 678 3
342 684 4
342 694 5
342 696 3
342 707 4
342 708 5
342 709 4
342 713 4
342 716 4
342 742 5
342 751 5
342 764 3
342 815 4
342 844 3
342 845 1
342 864 3
342 926 1
342 928 3
342 955 5
342 972 4
343 1 4
343 4 4
343 5 3
343 9 5
343 11 4
343 15 4
343 25 3
343 26 4
343 28 5
343 33 4
343 43 3
343 44 3
343 48 4
343 49 4
343 50 5
343 51 2
343 56 4
343 64 5
343 65 3
343 66 5
343 69 4
343 71 4
343 77 3
343 79 3
343 81 3
343 87 1
343 88 4
343 93 4
343 98 4
343 100 4
343 111 3
343 117 4
343 118 3
343 124 4
343 125 2
343 126 4
343 131 3
343 132 4
343 137 3
343 143 3
343 148 2
343 151 4
343 170 5
343 172 5
343 173 5
343 174 5
343 191 5
343 196 2
343 197 5
343 202 4
343 204 4
343 216 3
343 220 1
343 221 4
343 223 5
343 226 3
343 235 3
343 237 4
343 239 4
343 241 4
343 245 4
343 246 2
343 251 5
343 255 3
343 262 4
343 268 4
343 269 3
343 272 5
343 278 3
343 280 4
343 282 3
343 283 3
343 284 5
343 285 4
343 287 4
343 288 3
343 289 2
343 291 4
343 293 4
343 294 4
343 295 4
343 297 4
343 298 4
343 300 5
343 301 4
343 302 5
343 303 2
343 305 4
343 311 4
343 312 3
343 313 5
343 315 4
343 317 4
343 323 4
343 332 4
343 333 4
343 356 4
343 365 4
343 367 4
343 378 4
343 381 4
343 382 3
343 387 4
343 402 4
343 403 4
343 405 4
343 416 4
343 433 4
343 443 4
343 451 4
343 461 4
343 464 5
343 471 5
343 473 2
343 476 3
343 479 5
343 481 1
343 485 4
343 498 4
343 508 4
343 518 4
343 534 5
343 535 4
343 550 3
343 559 3
343 566 4
343 568 4
343 582 4
343 588 5
343 620 4
343 639 4
343 651 4
343 655 4
343 660 4
343 676 4
343 696 3
343 702 5
343 708 5
343 709 4
343 715 4
343 716 4
343 722 4
343 732 4
343 736 5
343 737 3
343 738 3
343 739 5
343 742 5
343 744 4
343 747 4
343 748 2
343 772 4
343 781 4
343 845 1
343 846 4
343 866 3
343 879 3
343 886 2
343 903 3
343 919 4
343 949 4
343 955 5
343 956 4
343 972 4
343 988 2
344 2 3
344 3 4
344 4 4
344 7 4
344 11 4
344 12 4
344 17 3
344 22 5
344 29 3
344 31 4
344 33 4
344 38 3
344 53 4
344 54 4
344 55 4
344 56 4
344 62 4
344 64 5
344 67 3
344 72 4
344 76 4
344 77 3
344 83 4
344 91 4
344 92 4
344 94 3
344 97 4
344 98 4
344 100 4
344 117 4
344 120 2
344 121 3
344 127 4
344 128 3
344 132 4
344 133 2
344 134 5
344 141 5
344 143 3
344 144 3
344 147 3
344 153 4
344 156 4
344 157 4
344 158 4
344 161 4
344 167 4
344 168 4
344 172 5
344 173 5
344 174 5
344 176 4
344 181 4
344 183 4
344 184 4
344 186 4
344 187 3
344 188 4
344 203 4
344 204 4
344 210 3
344 211 3
344 213 4
344 215 3
344 216 3
344 218 4
344 219 2
344 232 3
344 234 4
344 237 4
344 241 4
344 245 4
344 250 3
344 259 1
344 265 5
344 273 5
344 276 4
344 288 3
344 291 4
344 293 4
344 294 4
344 300 5
344 302 5
344 318 3
344 322 4
344 325 1
344 333 4
344 358 3
344 363 3
344 366 4
344 369 2
344 375 5
344 385 4
344 391 3
344 392 4
344 403 4
344 405 4
344 415 3
344 423 3
344 431 5
344 455 4
344 470 4
344 496 5
344 518 4
344 520 5
344 541 3
344 546 3
344 549 4
344 561 3
344 569 2
344 571 4
344 572 4
344 576 3
344 578 4
344 582 4
344 616 4
344 636 4
344 642 4
344 657 4
344 669 2
344 673 4
344 684 4
344 685 4
344 708 5
344 712 4
344 727 4
344 732 4
344 739 5
344 743 1
344 746 5
344 748 2
344 780 3
344 785 4
344 802 3
344 809 4
344 831 2
344 842 4
344 879 3
344 932 3
344 944 3
344 951 4
344 959 4
344 977 3
345 1 4
345 7 4
345 12 4
345 15 4
345 17 3
345 22 5
345 24 4
345 25 3
345 28 5
345 31 4
345 50 5
345 55 4
345 56 4
345 68 3
345 70 5
345 73 4
345 76 4
345 77 3
345 79 3
345 82 4
345 85 2
345 87 1
345 91 4
345 96 4
345 97 4
345 99 4
345 100 4
345 117 4
345 118 3
345 125 2
345 127 4
345 132 4
345 137 3
345 144 3
345 151 4
345 156 4
345 157 4
345 158 4
345 159 4
345 163 4
345 164 4
345 168 4
345 172 5
345 173 5
345 174 5
345 176 4
345 177 4
345 181 4
345 182 5
345 183 4
345 187 3
345 188 4
345 192 4
345 195 5
345 200 4
345 203 4
345 204 4
345 208 5
345 215 3
345 222 5
345 226 3
345 227 4
345 233 4
345 235 3
345 239 4
345 240 1
345 245 4
345 246 2
345 252 5
345 257 5
345 258 4
345 268 4
345 271 4
345 273 5
345 276 4
345 280 4
345 286 4
345 288 3
345 290 3
345 293 4
345 294 4
345 298 4
345 300 5
345 317 4
345 318 3
345 323 4
345 324 3
345 328 3
345 333 4
345 356 4
345 369 2
345 371 4
345 385 4
345 386 3
345 392 4
345 403 4
345 404 4
345 405 4
345 410 3
345 416 4
345 423 3
345 432 4
345 435 5
345 460 3
345 462 3
345 465 5
345 468 4
345 470 4
345 472 3
345 475 5
345 501 4
345 508 4
345 544 3
345 550 4
345 568 4
345 588 5
345 595 3
345 597 3
345 609 4
345 655 4
345 660 4
345 685 4
345 686 2
345 689 3
345 692 4
345 699 4
345 721 3
345 735 4
345 742 4
345 756 3
345 763 4
345 806 4
345 819 3
345 820 2
345 827 3
345 829 3
345 831 2
345 841 2
345 871 2
345 879 3
345 928 3
345 930 3
345 943 4
345 959 4
345 977 3
345 982 2
346 1 4
346 7 4
346 15 4
346 25 3
346 100 4
346 107 4
346 111 3
346 118 3
346 121 3
346 126 4
346 147 3
346 225 3
346 240 1
346 276 4
346 288 3
346 294 4
346 323 4
346 368 2
346 370 3
346 409 4
346 411 3
346 412 3
346 472 3
346 473 2
346 476 3
346 546 3
346 628 2
346 742 4
346 819 3
346 831 2
346 834 2
346 924 3
346 926 1
346 928 3
346 974 2
346 975 4
346 988 2
347 9 5
347 10 5
347 118 3
347 121 3
347 125 2
347 126 4
347 237 4
347 325 1
347 370 3
347 412 3
347 455 4
347 458 5
347 471 4
347 475 5
347 596 4
347 744 4
347 847 3
348 1 4
348 23 4
348 89 4
348 98 5
348 132 4
348 133 2
348 136 5
348 168 4
348 172 5
348 176 4
348 183 4
348 193 4
348 195 5
348 204 4
348 210 3
348 214 3
348 228 5
348 265 5
348 271 4
348 324 3
348 340 3
348 435 5
348 479 5
348 480 5
348 483 3
348 489 5
348 530 4
348 589 5
348 604 5
348 616 4
348 654 4
348 657 4
349 288 3
349 289 2
349 292 4
349 300 5
349 301 4
349 310 3
349 312 3
349 313 5
349 326 3
349 327 4
349 332 4
349 341 4
349 343 2
349 359 4
349 538 5
349 748 2
349 750 3
349 754 3
349 873 5
349 879 3
349 880 4
349 882 3
349 888 4
349 984 1
349 989 3
349 990 5
350 4 4
350 7 4
350 12 4
350 17 3
350 39 3
350 55 4
350 56 4
350 79 3
350 86 3
350 89 4
350 92 4
350 96 4
350 98 5
350 129 4
350 144 3
350 156 4
350 173 4
350 182 5
350 194 5
350 195 5
350 216 3
350 228 5
350 234 4
350 302 5
350 385 4
350 568 4
350 657 4
350 692 4
351 245 3
351 260 3
351 271 4
351 272 5
351 300 5
351 315 4
351 326 3
351 327 4
351 328 4
351 332 4
351 333 4
351 343 2
351 905 4
352 7 4
352 9 5
352 14 4
352 19 4
352 20 5
352 25 3
352 32 5
352 42 4
352 47 4
352 50 5
352 52 5
352 57 5
352 58 4
352 59 5
352 60 4
352 61 4
352 66 5
352 70 5
352 79 3
352 81 3
352 83 4
352 86 3
352 87 1
352 88 4
352 93 4
352 100 4
352 109 4
352 116 5
352 124 4
352 131 3
352 133 2
352 134 5
352 135 5
352 136 5
352 137 3
352 143 3
352 149 5
352 151 4
352 152 4
352 153 3
352 154 5
352 155 3
352 162 4
352 166 5
352 168 4
352 169 5
352 171 3
352 173 4
352 174 5
352 175 5
352 180 5
352 186 4
352 189 4
352 190 4
352 191 5
352 193 4
352 197 5
352 199 5
352 202 4
352 208 5
352 209 4
352 211 2
352 213 4
352 216 3
352 238 4
352 242 4
352 246 2
352 248 4
352 251 5
352 255 3
352 257 5
352 258 5
352 268 4
352 269 3
352 270 2
352 272 5
352 275 5
352 276 5
352 281 3
352 286 5
352 287 4
352 297 4
352 303 2
352 305 4
352 306 5
352 308 4
352 311 4
352 313 5
352 318 3
352 344 5
352 381 4
352 382 3
352 387 4
352 414 4
352 421 4
352 423 3
352 428 1
352 429 5
352 435 5
352 462 3
352 463 4
352 464 5
352 473 2
352 478 3
352 479 5
352 480 5
352 483 3
352 485 4
352 487 4
352 489 5
352 494 4
352 496 5
352 497 4
352 498 4
352 507 4
352 508 4
352 509 4
352 511 5
352 513 5
352 515 5
352 516 4
352 518 4
352 520 5
352 529 4
352 531 5
352 533 5
352 558 4
352 582 4
352 584 4
352 603 5
352 604 5
352 605 4
352 606 3
352 607 4
352 629 4
352 631 4
352 638 5
352 650 4
352 651 4
352 652 4
352 657 4
352 659 3
352 660 4
352 661 5
352 692 4
352 694 5
352 699 4
352 702 5
352 705 4
352 707 4
352 709 4
352 716 4
352 732 4
352 733 5
352 735 4
352 736 5
352 737 3
352 740 4
352 753 5
352 792 4
352 811 5
352 847 3
352 855 4
352 863 5
352 865 3
352 882 3
352 889 4
352 900 3
352 904 5
352 929 3
352 953 5
352 956 4
352 958 5
352 962 3
353 242 4
353 264 3
353 288 3
353 300 5
353 328 4
353 329 4
353 360 4
353 681 2
353 882 3
354 272 5
354 292 4
354 313 5
354 316 5
354 326 3
354 328 4
354 333 4
354 689 4
354 748 2
355 1 4
355 7 4
355 10 5
355 24 4
355 105 2
355 117 4
355 118 3
355 123 5
355 125 2
355 126 4
355 147 3
355 150 5
355 151 4
355 220 1
355 222 5
355 245 3
355 258 5
355 270 2
355 273 2
355 274 3
355 275 5
355 280 4
355 284 5
355 291 4
355 322 5
355 326 3
355 334 3
355 405 4
355 407 3
355 411 4
355 455 4
355 456 2
355 471 4
355 472 3
355 473 2
355 476 3
355 546 3
355 595 3
355 687 2
355 713 4
355 742 4
355 744 4
355 760 2
355 819 3
355 820 2
355 831 2
355 833 4
355 866 3
355 932 3
355 977 3
355 984 1
356 8 4
356 65 2
356 127 4
356 132 4
356 174 5
356 179 5
356 213 4
356 268 4
356 318 3
356 324 4
356 357 3
356 511 5
356 582 4
356 584 4
356 638 5
356 639 4
356 643 5
356 855 4
356 896 4
357 7 4
357 117 4
357 118 3
357 181 4
357 250 3
357 268 4
357 270 2
357 298 4
357 313 5
357 323 5
357 405 4
357 472 3
357 748 2
357 751 4
357 831 2
358 1 4
358 10 5
358 13 4
358 14 4
358 25 3
358 28 5
358 45 5
358 50 5
358 64 5
358 79 3
358 100 4
358 116 5
358 124 4
358 127 4
358 134 5
358 157 4
358 165 4
358 166 5
358 170 5
358 174 5
358 181 4
358 187 3
358 191 5
358 194 5
358 195 5
358 197 5
358 205 4
358 207 5
358 210 3
358 222 5
358 237 5
358 238 4
358 242 4
358 251 5
358 269 3
358 271 3
358 275 5
358 283 3
358 284 5
358 286 5
358 297 4
358 302 5
358 304 5
358 306 4
358 308 4
358 309 3
358 321 2
358 326 3
358 328 4
358 357 3
358 423 3
358 479 5
358 483 3
358 496 5
358 511 5
358 521 4
358 523 4
358 531 5
358 582 4
358 588 5
358 654 4
358 661 5
358 735 4
358 744 4
358 748 2
358 845 1
358 933 2
358 936 5
358 963 5
359 12 4
359 14 4
359 23 5
359 26 4
359 49 4
359 53 4
359 55 4
359 56 4
359 59 4
359 60 4
359 66 5
359 70 5
359 79 3
359 83 4
359 88 4
359 90 5
359 97 4
359 98 3
359 100 4
359 111 5
359 129 4
359 148 2
359 150 5
359 156 4
359 165 4
359 166 5
359 168 4
359 170 5
359 173 4
359 176 5
359 178 5
359 183 5
359 185 5
359 186 4
359 190 4
359 197 5
359 203 4
359 204 4
359 207 5
359 212 3
359 213 4
359 218 4
359 222 5
359 228 5
359 234 4
359 237 5
359 238 4
359 258 5
359 269 3
359 273 4
359 274 3
359 276 5
359 286 5
359 333 4
359 340 4
359 387 4
359 421 4
359 430 4
359 435 5
359 451 4
359 466 4
359 475 5
359 498 4
359 502 4
359 504 4
359 514 3
359 517 4
359 524 4
359 525 5
359 531 5
359 639 4
359 652 4
359 654 4
359 655 4
359 657 4
359 659 3
359 673 4
359 684 4
359 694 5
359 707 4
359 709 4
359 727 4
359 737 3
359 739 5
359 742 4
359 762 5
359 770 4
359 794 4
359 934 4
359 949 4
360 245 3
360 268 4
360 302 5
360 312 3
360 313 5
360 323 5
360 333 4
360 336 4
360 689 4
361 1 4
361 2 3
361 4 4
361 5 3
361 7 4
361 9 5
361 11 4
361 22 5
361 29 3
361 32 5
361 37 3
361 38 3
361 44 3
361 47 4
361 50 5
361 54 4
361 55 4
361 56 4
361 58 4
361 62 4
361 65 2
361 66 5
361 67 3
361 68 3
361 69 5
361 70 5
361 71 4
361 72 4
361 73 4
361 79 3
361 81 3
361 82 3
361 87 1
361 88 4
361 89 4
361 90 5
361 91 4
361 93 4
361 95 4
361 96 4
361 97 4
361 98 3
361 101 3
361 102 5
361 114 4
361 117 4
361 120 3
361 121 4
361 128 3
361 134 5
361 137 3
361 143 3
361 144 3
361 145 3
361 151 4
361 152 4
361 154 5
361 155 3
361 156 4
361 159 4
361 161 4
361 164 4
361 169 5
361 172 4
361 173 4
361 174 5
361 179 4
361 182 5
361 183 5
361 184 4
361 185 5
361 186 4
361 187 3
361 188 4
361 189 4
361 193 4
361 195 5
361 196 2
361 200 4
361 201 3
361 204 4
361 206 4
361 208 5
361 210 3
361 212 3
361 215 3
361 216 5
361 218 4
361 222 5
361 226 3
361 227 4
361 228 5
361 229 3
361 231 3
361 234 4
361 235 4
361 237 5
361 248 4
361 250 3
361 258 4
361 265 5
361 270 2
361 271 3
361 282 3
361 283 3
361 284 5
361 288 4
361 290 3
361 293 4
361 307 4
361 315 4
361 316 5
361 317 4
361 322 3
361 325 1
361 328 2
361 336 4
361 346 4
361 347 4
361 350 5
361 351 3
361 366 4
361 370 3
361 380 4
361 387 4
361 391 3
361 393 4
361 402 3
361 403 4
361 405 3
361 408 5
361 417 5
361 423 3
361 426 5
361 428 1
361 431 5
361 433 4
361 435 5
361 443 4
361 444 3
361 448 4
361 449 4
361 451 4
361 461 4
361 469 4
361 472 3
361 473 2
361 474 5
361 505 4
361 506 5
361 511 5
361 518 4
361 523 4
361 531 5
361 546 3
361 550 4
361 552 4
361 554 4
361 555 5
361 557 5
361 559 3
361 561 3
361 566 4
361 568 4
361 569 2
361 571 4
361 572 4
361 575 3
361 578 4
361 588 5
361 590 2
361 597 4
361 603 5
361 616 4
361 625 4
361 631 4
361 640 3
361 650 4
361 651 4
361 653 3
361 657 4
361 658 5
361 660 4
361 665 2
361 673 4
361 675 4
361 678 4
361 679 4
361 682 4
361 685 3
361 691 5
361 698 4
361 699 4
361 707 4
361 709 4
361 710 4
361 719 3
361 735 4
361 741 4
361 742 4
361 746 4
361 747 4
361 752 1
361 760 2
361 761 4
361 767 2
361 774 3
361 778 4
361 792 4
361 802 3
361 805 5
361 809 4
361 816 4
361 825 3
361 831 2
361 849 4
361 854 5
361 859 3
361 895 3
361 906 4
361 919 4
361 933 2
361 940 3
361 946 4
361 959 4
361 979 3
362 289 2
362 302 5
362 321 2
362 875 2
362 948 3
362 988 2
363 1 4
363 7 4
363 15 4
363 25 3
363 100 4
363 109 4
363 124 4
363 125 2
363 137 3
363 150 5
363 222 5
363 235 4
363 258 4
363 268 4
363 271 3
363 272 5
363 275 4
363 276 5
363 277 4
363 287 4
363 288 4
363 289 2
363 294 4
363 301 3
363 309 3
363 315 4
363 316 5
363 321 2
363 340 4
363 352 4
363 473 2
363 591 4
363 742 4
363 762 5
363 813 4
363 894 3
363 895 3
363 908 3
364 53 4
364 56 4
364 98 3
364 184 4
364 200 4
364 201 3
364 217 2
364 219 2
364 234 4
364 443 4
364 445 4
364 559 3
364 573 3
364 671 4
364 672 3
364 853 5
364 860 3
365 7 3
365 17 3
365 50 5
365 53 4
365 98 3
365 100 4
365 145 3
365 164 5
365 176 5
365 183 5
365 184 4
365 200 4
365 201 3
365 218 3
365 234 4
365 250 3
365 258 4
365 288 4
365 302 5
365 324 4
365 326 2
365 333 2
365 334 4
365 379 3
365 406 4
365 413 4
365 436 5
365 443 4
365 448 5
365 452 3
365 551 3
365 563 3
365 564 3
365 665 2
365 670 4
365 672 3
365 760 2
365 769 1
365 774 3
365 800 3
365 919 4
366 11 4
366 17 3
366 56 5
366 89 4
366 96 4
366 98 3
366 100 4
366 127 4
366 183 5
366 184 4
366 201 3
366 217 2
366 218 3
366 219 4
366 234 4
366 292 4
366 313 5
366 320 4
366 379 3
366 396 4
366 567 4
366 672 3
366 774 3
366 777 3
367 50 4
367 114 4
367 168 4
367 172 4
367 181 4
367 271 3
367 316 5
367 358 4
367 751 4
367 988 2
368 12 4
368 22 5
368 31 4
368 50 4
368 52 5
368 64 5
368 98 3
368 100 4
368 107 4
368 114 4
368 116 5
368 135 5
368 136 5
368 153 3
368 172 4
368 174 5
368 175 5
368 176 5
368 181 4
368 193 4
368 195 5
368 199 5
368 209 4
368 210 3
368 238 4
368 257 5
368 265 5
368 269 4
368 285 4
368 322 3
368 423 3
368 425 4
368 433 4
368 435 5
368 443 4
368 480 5
368 484 5
368 493 5
368 494 4
368 497 4
368 514 3
368 525 5
368 603 5
368 604 5
368 607 4
368 608 4
368 613 5
368 631 4
368 657 4
368 659 3
368 661 5
368 678 4
368 705 5
368 923 5
369 1 4
369 22 5
369 55 4
369 64 5
369 69 5
369 77 2
369 79 3
369 97 4
369 98 3
369 174 5
369 177 4
369 179 4
369 180 5
369 181 4
369 185 5
369 186 4
369 194 5
369 197 5
369 210 3
369 234 4
369 265 5
369 357 3
369 393 4
369 423 3
369 435 5
369 443 4
369 449 4
369 452 3
369 504 4
369 527 4
369 655 4
369 663 4
369 746 4
370 5 4
370 23 5
370 44 3
370 56 3
370 79 3
370 129 4
370 159 4
370 164 5
370 176 5
370 183 5
370 185 5
370 200 4
370 201 3
370 218 3
370 262 3
370 286 5
370 288 3
370 299 4
370 325 4
370 327 4
370 333 2
370 436 3
370 441 3
370 443 4
370 447 5
370 448 5
370 452 3
370 547 3
370 559 4
370 561 2
370 574 5
370 581 4
370 595 3
370 628 2
370 635 3
370 637 2
370 672 3
370 674 2
370 678 4
370 696 3
370 874 2
370 875 2
371 2 3
371 4 4
371 12 4
371 15 4
371 20 5
371 22 5
371 24 4
371 25 3
371 31 4
371 48 4
371 50 4
371 58 4
371 64 5
371 66 5
371 68 3
371 70 5
371 80 3
371 81 3
371 82 3
371 83 4
371 89 4
371 90 5
371 94 3
371 95 4
371 96 4
371 97 4
371 99 4
371 100 3
371 102 5
371 105 2
371 110 2
371 114 4
371 117 3
371 127 4
371 132 4
371 136 5
371 139 3
371 142 4
371 143 3
371 144 3
371 150 5
371 151 4
371 154 5
371 155 3
371 156 4
371 161 4
371 162 4
371 163 3
371 165 4
371 166 4
371 169 5
371 172 4
371 173 4
371 175 2
371 177 4
371 179 4
371 180 5
371 181 4
371 184 4
371 189 4
371 194 5
371 195 5
371 196 2
371 197 5
371 202 4
371 204 4
371 206 4
371 208 5
371 209 4
371 210 3
371 211 2
371 213 4
371 214 3
371 215 3
371 217 2
371 225 3
371 226 3
371 228 5
371 230 4
371 232 3
371 239 4
371 241 3
371 259 1
371 269 4
371 275 4
371 278 3
371 281 3
371 286 5
371 290 3
371 318 3
371 357 3
371 366 4
371 378 4
371 380 4
371 382 2
371 385 4
371 386 3
371 389 4
371 390 5
371 392 4
371 393 4
371 399 3
371 401 3
371 402 3
371 403 4
371 404 4
371 409 4
371 414 4
371 417 5
371 418 5
371 420 3
371 421 4
371 423 3
371 427 4
371 431 5
371 433 4
371 435 5
371 451 4
371 472 3
371 474 5
371 480 5
371 485 4
371 487 4
371 488 5
371 494 4
371 496 5
371 497 4
371 499 5
371 506 5
371 510 5
371 520 5
371 527 4
371 550 4
371 553 4
371 559 4
371 566 4
371 568 4
371 571 4
371 577 3
371 588 5
371 596 4
371 598 5
371 603 5
371 627 4
371 633 5
371 645 5
371 648 5
371 649 3
371 651 4
371 655 4
371 658 5
371 660 4
371 679 4
371 694 5
371 699 4
371 704 3
371 705 5
371 709 4
371 715 4
371 724 5
371 727 4
371 729 4
371 732 4
371 746 4
371 747 4
371 748 1
371 756 4
371 778 4
371 828 2
371 842 4
371 843 5
371 849 4
371 941 4
371 946 4
371 949 4
372 1 4
372 2 3
372 5 4
372 7 3
372 9 5
372 11 4
372 15 4
372 17 3
372 23 5
372 24 4
372 28 3
372 29 3
372 39 3
372 48 4
372 50 4
372 56 3
372 64 5
372 66 5
372 68 3
372 69 5
372 70 5
372 71 5
372 77 5
372 89 4
372 95 4
372 97 4
372 98 5
372 100 3
372 106 2
372 111 5
372 116 5
372 118 3
372 120 3
372 121 4
372 122 2
372 123 5
372 124 4
372 125 2
372 126 4
372 127 4
372 129 4
372 135 5
372 143 3
372 144 3
372 147 3
372 148 5
372 150 5
372 151 4
372 156 4
372 159 4
372 161 4
372 162 4
372 168 4
372 172 4
372 173 4
372 174 5
372 176 5
372 185 5
372 186 5
372 192 4
372 195 5
372 197 5
372 200 4
372 202 4
372 204 4
372 210 3
372 216 5
372 218 3
372 222 3
372 223 4
372 225 3
372 226 3
372 228 5
372 229 3
372 230 4
372 231 3
372 233 4
372 234 4
372 235 4
372 237 5
372 240 1
372 247 5
372 248 4
372 252 5
372 254 3
372 257 5
372 265 4
372 279 4
372 280 4
372 282 3
372 284 5
372 289 2
372 291 4
372 310 3
372 322 3
372 323 2
372 356 4
372 363 3
372 369 2
372 385 4
372 393 4
372 403 4
372 405 3
372 412 3
372 423 3
372 424 2
372 427 4
372 449 4
372 450 2
372 454 3
372 458 5
372 463 4
372 465 5
372 466 4
372 467 5
372 468 4
372 475 5
372 476 4
372 483 3
372 521 4
372 527 4
372 540 3
372 544 4
372 550 4
372 552 4
372 554 4
372 558 4
372 566 4
372 568 4
372 572 4
372 576 3
372 581 4
372 591 4
372 619 4
372 620 4
372 628 2
372 637 2
372 642 4
372 651 4
372 665 2
372 685 3
372 692 4
372 696 3
372 717 3
372 741 4
372 742 4
372 743 1
372 756 4
372 758 2
372 761 4
372 762 5
372 763 4
372 770 4
372 789 5
372 815 4
372 819 3
372 820 2
372 824 3
372 832 4
372 844 3
372 845 1
372 846 3
372 872 4
372 880 4
372 924 3
372 928 4
372 930 3
372 931 2
372 932 3
372 934 4
372 948 2
372 952 3
372 974 2
372 975 4
372 977 3
372 978 2
372 979 3
372 986 3
373 5 4
373 39 3
373 77 5
373 176 5
373 183 4
373 185 5
373 218 3
373 233 4
373 288 3
373 300 5
373 443 4
373 583 4
373 684 4
373 761 4
374 11 4
374 14 4
374 98 5
374 154 5
374 181 4
374 197 5
374 198 4
374 223 4
374 237 5
374 246 4
374 268 5
374 274 3
374 275 4
374 289 2
374 301 3
374 603 4
374 762 5
375 56 3
375 98 5
375 100 3
375 164 5
375 168 4
375 173 4
375 194 5
375 219 5
375 234 4
375 258 4
375 268 5
375 288 3
375 313 5
375 316 5
375 323 2
375 354 5
375 443 4
375 508 4
375 895 3
376 1 4
376 2 3
376 4 4
376 5 4
376 7 4
376 8 4
376 9 5
376 10 5
376 11 4
376 12 4
376 13 3
376 14 4
376 15 4
376 21 1
376 22 5
376 28 3
376 29 3
376 31 4
376 40 3
376 42 3
376 43 3
376 48 4
376 49 4
376 50 4
376 52 5
376 53 4
376 54 4
376 58 4
376 59 4
376 62 4
376 63 2
376 65 2
376 66 5
376 68 3
376 70 5
376 73 4
376 77 5
376 79 3
376 86 4
376 87 5
376 88 4
376 89 4
376 91 4
376 94 3
376 95 4
376 99 4
376 100 3
376 106 2
376 110 2
376 111 4
376 117 3
376 121 4
376 123 5
376 125 2
376 126 4
376 132 4
376 133 2
376 135 5
376 141 5
376 143 3
376 144 3
376 148 5
376 151 4
376 153 3
376 155 3
376 157 4
376 159 4
376 161 4
376 162 4
376 167 4
376 172 4
376 173 4
376 174 5
376 175 2
376 176 5
376 179 4
376 180 5
376 181 4
376 182 5
376 186 5
376 191 4
376 194 5
376 195 5
376 196 2
376 197 5
376 200 5
376 202 4
376 203 4
376 207 5
376 210 3
376 213 4
376 215 3
376 217 2
376 218 3
376 220 1
376 222 3
376 223 4
376 226 3
376 227 4
376 230 4
376 233 4
376 234 4
376 235 4
376 237 5
376 239 4
376 241 3
376 245 3
376 248 4
376 252 5
376 254 3
376 255 3
376 257 5
376 258 4
376 269 5
376 272 5
376 273 4
376 274 3
376 275 4
376 276 5
376 277 4
376 280 4
376 281 3
376 282 3
376 283 3
376 284 5
376 285 4
376 286 5
376 288 3
376 289 2
376 294 2
376 295 3
376 298 5
376 300 5
376 301 3
376 302 5
376 304 5
376 317 4
376 318 3
376 319 3
376 321 3
376 326 2
376 328 3
376 356 4
376 365 4
376 367 4
376 380 4
376 381 4
376 382 2
376 385 4
376 386 3
376 387 4
376 392 4
376 393 4
376 396 4
376 401 3
376 403 4
376 404 4
376 405 3
376 409 4
376 410 3
376 411 4
376 417 5
376 418 5
376 419 4
376 420 3
376 423 3
376 432 5
376 435 5
376 447 5
376 449 4
376 450 2
376 451 4
376 458 5
376 465 5
376 469 4
376 471 4
376 476 4
376 479 5
376 482 2
376 485 4
376 496 5
376 500 4
376 501 4
376 508 4
376 509 4
376 517 4
376 527 4
376 528 5
376 542 3
376 546 3
376 549 4
376 554 4
376 559 4
376 566 4
376 568 4
376 572 4
376 575 3
376 576 3
376 582 4
376 591 4
376 596 4
376 597 4
376 619 4
376 620 4
376 623 3
376 629 4
376 631 4
376 632 5
376 635 3
376 636 4
376 651 4
376 655 4
376 663 3
376 665 2
376 674 2
376 686 2
376 692 4
376 693 4
376 694 5
376 702 5
376 703 4
376 707 4
376 708 5
376 709 4
376 715 4
376 716 4
376 720 2
376 722 4
376 724 5
376 727 4
376 729 4
376 731 4
376 732 4
376 734 3
376 736 5
376 742 4
376 744 4
376 747 4
376 755 4
376 756 4
376 762 5
376 768 3
376 778 4
376 780 3
376 787 4
376 792 4
376 793 3
376 796 4
376 806 4
376 807 4
376 845 1
376 866 3
376 875 2
376 896 4
376 918 1
376 921 5
376 924 3
376 926 1
376 928 4
376 930 3
376 939 3
376 942 4
376 951 4
376 959 4
376 961 1
376 969 3
376 972 4
376 977 3
376 979 3
377 1 4
377 2 3
377 4 4
377 8 4
377 9 5
377 12 4
377 23 5
377 50 4
377 52 5
377 54 4
377 56 3
377 62 4
377 63 2
377 64 5
377 69 5
377 79 3
377 82 3
377 83 4
377 88 4
377 89 4
377 90 5
377 93 4
377 96 4
377 98 5
377 100 3
377 116 5
377 124 4
377 131 3
377 133 2
377 135 5
377 141 5
377 144 3
377 152 4
377 153 3
377 157 4
377 158 4
377 161 4
377 163 3
377 164 5
377 168 4
377 172 4
377 173 4
377 176 5
377 177 4
377 178 5
377 179 4
377 183 4
377 186 5
377 188 4
377 191 4
377 192 4
377 193 4
377 194 5
377 195 5
377 196 2
377 200 5
377 202 4
377 203 4
377 204 4
377 205 4
377 208 5
377 210 3
377 211 2
377 216 5
377 219 5
377 227 4
377 230 4
377 233 4
377 238 4
377 239 4
377 257 5
377 270 2
377 271 4
377 284 5
377 285 4
377 294 2
377 300 5
377 306 4
377 310 3
377 331 3
377 339 3
377 357 4
377 372 4
377 381 4
377 383 2
377 385 4
377 391 3
377 393 4
377 395 3
377 401 3
377 402 3
377 405 3
377 414 4
377 417 5
377 419 4
377 427 4
377 428 1
377 434 4
377 436 3
377 443 4
377 447 5
377 448 5
377 451 4
377 452 3
377 461 4
377 480 5
377 496 5
377 504 4
377 511 4
377 514 4
377 516 4
377 517 4
377 520 5
377 522 4
377 523 4
377 527 4
377 528 5
377 529 3
377 530 4
377 554 4
377 559 4
377 563 3
377 566 4
377 568 4
377 575 3
377 576 3
377 603 4
377 616 4
377 622 4
377 636 4
377 637 2
377 644 5
377 649 3
377 651 4
377 655 4
377 659 3
377 674 2
377 684 3
377 686 2
377 701 5
377 704 3
377 705 5
377 710 4
377 712 4
377 729 4
377 732 4
377 735 5
377 736 5
377 746 4
377 842 4
377 855 4
378 1 4
378 7 4
378 12 4
378 22 5
378 28 3
378 31 4
378 38 4
378 58 4
378 59 4
378 60 4
378 61 4
378 62 4
378 64 5
378 69 5
378 71 5
378 81 3
378 95 4
378 98 5
378 100 3
378 109 4
378 114 4
378 118 3
378 121 4
378 132 4
378 134 4
378 139 3
378 152 4
378 154 5
378 161 4
378 163 3
378 168 4
378 170 5
378 172 4
378 176 5
378 177 4
378 180 5
378 181 4
378 183 4
378 185 5
378 186 5
378 190 4
378 194 5
378 197 5
378 208 5
378 213 4
378 215 3
378 217 2
378 222 3
378 228 5
378 229 3
378 238 4
378 241 3
378 258 4
378 265 4
378 270 2
378 306 4
378 313 5
378 315 4
378 340 4
378 356 4
378 357 4
378 382 2
378 414 4
378 416 4
378 419 4
378 423 3
378 425 4
378 427 4
378 428 1
378 435 5
378 443 4
378 449 4
378 462 3
378 463 4
378 465 5
378 474 5
378 479 5
378 483 3
378 502 5
378 506 5
378 512 5
378 515 4
378 518 4
378 521 4
378 527 4
378 529 3
378 530 4
378 549 4
378 561 2
378 566 4
378 570 4
378 573 4
378 582 4
378 587 5
378 614 4
378 629 4
378 630 4
378 631 5
378 651 4
378 652 4
378 654 5
378 663 3
378 664 5
378 665 2
378 670 3
378 684 3
378 699 4
378 708 5
378 712 4
378 729 4
378 732 4
378 736 5
378 744 4
378 750 4
378 751 3
378 753 5
378 770 3
378 856 3
378 923 5
378 956 4
378 959 4
379 1 4
379 13 3
379 14 4
379 15 4
379 16 4
379 20 5
379 30 4
379 50 4
379 59 4
379 77 5
379 79 3
379 83 4
379 89 4
379 94 3
379 95 4
379 97 4
379 99 4
379 100 3
379 102 5
379 121 4
379 129 4
379 132 4
379 133 2
379 134 4
379 135 3
379 139 3
379 150 5
379 151 4
379 175 2
379 178 5
379 191 4
379 212 3
379 214 3
379 216 5
379 217 2
379 228 5
379 259 1
379 276 5
379 281 3
379 294 2
379 303 3
379 304 5
379 318 3
379 344 5
379 378 4
379 418 5
379 443 4
379 459 4
379 462 3
379 473 2
379 479 5
379 485 4
379 487 4
379 493 5
379 495 4
379 498 4
379 501 4
379 509 4
379 517 4
379 525 4
379 526 4
379 529 3
379 582 4
379 607 4
379 631 5
379 634 5
379 640 3
379 647 4
379 652 4
379 656 4
379 657 4
379 660 4
379 673 4
379 682 3
379 693 4
379 705 5
379 724 5
379 742 4
379 771 3
379 778 4
379 855 4
379 887 4
379 898 5
379 914 3
379 931 2
379 934 4
379 961 1
379 995 4
380 7 4
380 9 3
380 23 5
380 50 4
380 56 3
380 98 5
380 100 3
380 122 2
380 127 5
380 134 4
380 135 3
380 137 5
380 150 5
380 171 5
380 177 4
380 180 5
380 183 4
380 258 4
380 276 5
380 290 3
380 332 4
380 475 5
380 481 1
380 482 2
380 507 4
380 508 4
380 531 5
380 717 3
381 14 3
381 19 4
381 58 4
381 81 3
381 86 4
381 89 4
381 100 3
381 134 4
381 135 3
381 137 5
381 180 5
381 193 4
381 197 4
381 203 4
381 205 4
381 223 4
381 237 5
381 238 4
381 268 5
381 272 5
381 285 4
381 302 5
381 315 4
381 319 3
381 321 3
381 345 5
381 357 4
381 425 4
381 427 4
381 435 5
381 464 5
381 474 5
381 475 5
381 478 3
381 479 5
381 480 5
381 483 3
381 484 5
381 496 4
381 505 4
381 514 5
381 531 5
381 603 4
381 639 3
381 641 3
381 657 4
382 272 5
382 289 2
382 302 5
382 316 5
382 327 4
382 343 2
382 355 3
382 751 3
382 989 3
383 4 4
383 8 4
383 12 4
383 18 3
383 24 4
383 29 3
383 32 5
383 37 3
383 42 3
383 47 4
383 48 4
383 50 4
383 53 4
383 56 3
383 58 4
383 59 4
383 61 4
383 79 3
383 81 3
383 82 3
383 87 5
383 89 4
383 93 4
383 98 5
383 99 4
383 111 4
383 114 4
383 122 2
383 127 5
383 128 3
383 129 4
383 131 3
383 133 2
383 134 4
383 135 3
383 136 5
383 143 3
383 144 3
383 145 2
383 151 4
383 152 4
383 153 3
383 168 4
383 169 5
383 171 5
383 172 4
383 173 4
383 174 5
383 175 2
383 177 4
383 180 5
383 181 4
383 183 4
383 186 5
383 187 5
383 189 4
383 191 4
383 192 4
383 194 5
383 195 5
383 199 4
383 200 5
383 207 5
383 208 5
383 209 4
383 211 2
383 216 5
383 217 2
383 218 3
383 219 5
383 221 4
383 224 4
383 235 4
383 236 3
383 238 4
383 249 2
383 250 3
383 253 5
383 254 3
383 256 4
383 257 5
383 262 3
383 273 4
383 276 5
383 283 5
383 285 4
383 286 5
383 290 3
383 293 4
383 304 5
383 305 4
383 318 3
383 320 4
383 325 4
383 337 3
383 340 5
383 346 4
383 347 4
383 367 4
383 383 2
383 385 4
383 403 3
383 405 3
383 408 5
383 417 5
383 419 4
383 423 3
383 425 4
383 427 4
383 428 1
383 429 5
383 430 4
383 433 3
383 435 5
383 443 4
383 447 5
383 451 4
383 455 4
383 458 5
383 461 4
383 462 3
383 473 2
383 474 5
383 479 5
383 480 5
383 482 2
383 483 3
383 485 4
383 486 4
383 487 4
383 489 5
383 492 5
383 496 4
383 498 4
383 500 4
383 502 5
383 503 4
383 506 5
383 507 4
383 508 4
383 511 4
383 512 4
383 520 5
383 521 4
383 523 4
383 524 4
383 525 4
383 526 4
383 529 3
383 557 5
383 603 4
383 604 5
383 606 5
383 616 4
383 631 5
383 650 4
383 652 4
383 653 3
383 654 5
383 657 4
383 658 5
383 659 3
383 661 5
383 663 5
383 664 5
383 673 4
383 674 2
383 675 4
383 705 5
383 719 3
383 727 4
383 732 4
383 739 4
383 745 5
383 794 4
383 851 5
383 855 4
383 865 3
383 871 2
383 896 4
383 900 4
383 919 5
383 922 4
383 940 3
383 942 4
383 945 4
383 959 4
383 961 1
383 965 5
384 24 4
384 50 4
384 121 4
384 222 3
384 273 4
384 455 4
384 685 3
384 825 3
384 833 4
384 840 3
385 2 3
385 4 4
385 7 3
385 8 4
385 10 5
385 11 4
385 13 3
385 20 5
385 22 5
385 23 5
385 24 4
385 27 4
385 31 4
385 32 5
385 33 4
385 39 3
385 47 4
385 48 4
385 50 4
385 52 5
385 55 4
385 56 3
385 58 4
385 61 4
385 62 4
385 64 5
385 68 3
385 71 5
385 76 4
385 79 3
385 81 3
385 82 3
385 83 4
385 89 4
385 91 4
385 92 4
385 93 4
385 96 4
385 97 4
385 98 5
385 99 4
385 101 3
385 102 5
385 113 5
385 114 4
385 116 5
385 117 5
385 121 4
385 123 5
385 127 5
385 129 4
385 133 2
385 135 3
385 136 5
385 144 3
385 147 3
385 151 4
385 152 4
385 156 4
385 161 4
385 168 4
385 169 5
385 176 4
385 180 5
385 181 4
385 182 5
385 183 4
385 184 4
385 186 5
385 187 5
385 189 4
385 190 4
385 192 4
385 193 4
385 194 5
385 195 5
385 196 2
385 197 4
385 198 4
385 200 5
385 201 3
385 202 4
385 203 4
385 205 4
385 206 4
385 208 5
385 209 4
385 210 3
385 211 2
385 215 3
385 217 2
385 218 3
385 219 5
385 222 3
385 223 4
385 224 4
385 226 3
385 228 5
385 229 3
385 230 4
385 231 3
385 233 4
385 238 4
385 241 3
385 246 4
385 248 4
385 250 3
385 258 4
385 265 4
385 268 5
385 273 4
385 277 4
385 288 3
385 289 2
385 293 4
385 294 2
385 295 3
385 298 5
385 317 4
385 318 3
385 319 3
385 320 4
385 321 3
385 325 4
385 333 4
385 357 4
385 380 4
385 381 4
385 385 4
385 393 4
385 403 3
385 410 3
385 414 4
385 418 5
385 423 3
385 428 1
385 429 5
385 430 4
385 431 5
385 432 5
385 435 5
385 436 3
385 441 3
385 444 1
385 446 4
385 447 5
385 448 5
385 455 4
385 458 5
385 461 4
385 463 4
385 473 2
385 474 5
385 475 5
385 477 3
385 488 5
385 496 4
385 508 4
385 511 4
385 514 5
385 515 5
385 520 5
385 526 4
385 528 5
385 547 3
385 549 4
385 558 4
385 559 4
385 561 2
385 564 3
385 566 2
385 569 3
385 578 4
385 580 4
385 582 4
385 583 4
385 593 5
385 603 4
385 619 4
385 625 4
385 642 4
385 650 4
385 651 4
385 659 3
385 663 5
385 672 3
385 674 2
385 678 4
385 679 4
385 684 3
385 692 4
385 693 4
385 697 5
385 715 4
385 732 4
385 735 5
385 737 3
385 742 4
385 744 4
385 768 3
385 769 1
385 772 4
385 773 3
385 774 3
385 789 5
385 790 3
385 806 4
385 844 3
385 845 1
385 854 5
385 856 3
385 919 5
385 942 4
385 943 4
385 952 3
385 969 3
385 972 4
385 984 1
386 5 4
386 56 3
386 100 3
386 111 4
386 117 5
386 147 3
386 184 4
386 237 5
386 259 1
386 288 3
386 298 5
386 307 4
386 310 3
386 315 4
386 323 4
386 326 2
386 333 4
386 508 4
386 569 3
386 591 4
386 628 2
386 678 4
386 680 2
386 682 3
386 690 4
386 742 4
386 769 1
386 773 3
386 816 4
386 845 1
386 871 2
386 895 3
387 4 4
387 8 4
387 23 5
387 25 2
387 28 3
387 29 3
387 38 4
387 40 3
387 42 3
387 47 4
387 50 4
387 53 4
387 56 3
387 58 4
387 59 4
387 64 5
387 65 2
387 66 5
387 69 3
387 72 4
387 77 5
387 79 3
387 80 3
387 82 3
387 88 4
387 90 5
387 94 3
387 95 4
387 98 5
387 99 4
387 100 3
387 105 2
387 109 4
387 111 4
387 118 3
387 127 5
387 131 3
387 132 5
387 136 5
387 142 4
387 151 4
387 152 4
387 153 3
387 154 5
387 159 4
387 160 4
387 167 4
387 168 4
387 172 4
387 173 4
387 174 5
387 176 4
387 178 5
387 179 4
387 181 4
387 185 5
387 186 5
387 191 4
387 194 5
387 197 4
387 202 4
387 204 2
387 205 4
387 208 5
387 210 3
387 211 2
387 216 5
387 217 2
387 234 4
387 238 4
387 249 2
387 275 4
387 283 5
387 285 4
387 300 4
387 301 4
387 346 4
387 378 4
387 383 2
387 384 1
387 393 4
387 395 3
387 396 4
387 401 3
387 404 4
387 407 3
387 410 3
387 411 4
387 414 4
387 416 4
387 420 3
387 423 3
387 428 1
387 429 5
387 435 5
387 451 4
387 454 3
387 467 5
387 471 4
387 474 5
387 475 5
387 477 3
387 478 3
387 479 5
387 480 5
387 481 1
387 483 3
387 484 4
387 490 4
387 491 4
387 492 5
387 493 5
387 497 4
387 498 4
387 499 5
387 501 4
387 502 5
387 503 4
387 504 4
387 506 5
387 507 4
387 509 4
387 510 5
387 514 5
387 517 5
387 518 4
387 519 5
387 520 5
387 525 4
387 526 4
387 550 4
387 558 4
387 568 4
387 583 4
387 584 4
387 588 5
387 591 4
387 602 3
387 604 5
387 605 4
387 607 4
387 610 4
387 612 4
387 613 5
387 615 4
387 616 4
387 630 4
387 631 5
387 642 4
387 649 3
387 656 4
387 657 4
387 661 5
387 662 4
387 671 4
387 674 2
387 693 4
387 699 4
387 700 5
387 705 5
387 712 4
387 715 4
387 731 4
387 732 4
387 736 5
387 739 4
387 756 4
387 763 4
387 778 4
387 780 3
387 785 4
387 792 4
387 820 2
387 824 3
387 835 5
387 836 5
387 845 1
387 847 4
387 923 5
387 926 1
387 942 4
387 945 4
387 954 5
387 997 3
388 1 5
388 9 3
388 13 3
388 126 4
388 258 5
388 275 4
388 302 5
388 304 5
388 319 3
388 328 4
388 329 3
388 331 3
388 740 4
388 742 4
388 845 1
388 989 3
389 9 3
389 11 4
389 12 4
389 15 4
389 22 5
389 31 4
389 47 4
389 48 4
389 56 3
389 58 4
389 59 4
389 60 4
389 64 5
389 69 3
389 71 4
389 76 4
389 89 4
389 97 4
389 100 5
389 127 5
389 132 5
389 134 4
389 148 5
389 168 4
389 173 4
389 182 5
389 188 4
389 191 4
389 195 5
389 197 4
389 200 5
389 203 4
389 204 2
389 205 4
389 213 4
389 215 3
389 222 3
389 234 4
389 237 5
389 238 4
389 258 5
389 264 3
389 276 5
389 282 3
389 286 4
389 288 3
389 294 2
389 300 4
389 318 3
389 334 5
389 357 4
389 421 4
389 458 5
389 460 3
389 471 4
389 474 5
389 479 5
389 480 5
389 482 2
389 490 4
389 491 4
389 498 4
389 504 4
389 507 4
389 508 4
389 510 5
389 511 4
389 527 3
389 530 4
389 544 4
389 546 2
389 603 4
389 604 5
389 628 2
389 646 5
389 659 3
389 661 5
389 678 4
389 748 4
389 772 4
389 774 3
389 963 5
390 8 3
390 23 5
390 58 4
390 59 4
390 99 4
390 114 4
390 129 4
390 166 4
390 169 5
390 170 5
390 172 4
390 173 4
390 178 5
390 179 4
390 180 5
390 181 4
390 189 4
390 191 4
390 197 4
390 199 4
390 200 5
390 209 4
390 244 4
390 248 4
390 249 2
390 250 3
390 255 3
390 257 5
390 260 4
390 268 5
390 270 2
390 271 4
390 272 5
390 276 5
390 285 4
390 288 3
390 289 3
390 293 4
390 294 2
390 297 4
390 300 4
390 302 5
390 303 3
390 304 5
390 310 3
390 312 3
390 313 5
390 319 3
390 321 3
390 323 4
390 324 4
390 325 4
390 328 3
390 333 4
390 340 5
390 344 5
390 345 5
390 346 4
390 347 4
390 463 4
390 482 2
390 491 4
390 492 5
390 493 5
390 511 4
390 515 4
390 534 5
390 538 5
390 615 4
390 632 5
390 650 4
390 663 5
390 705 5
390 813 4
390 847 4
390 872 4
390 873 5
390 880 4
391 2 3
391 3 4
391 4 4
391 5 4
391 7 3
391 11 4
391 12 4
391 15 4
391 17 3
391 21 1
391 22 5
391 24 4
391 25 2
391 26 5
391 27 4
391 28 3
391 29 3
391 31 4
391 36 4
391 38 4
391 40 3
391 41 3
391 42 3
391 48 4
391 49 2
391 50 5
391 51 2
391 54 4
391 55 4
391 56 3
391 58 4
391 62 4
391 64 5
391 65 2
391 67 3
391 68 3
391 69 3
391 70 5
391 71 4
391 73 4
391 78 3
391 79 3
391 81 3
391 83 4
391 84 5
391 85 2
391 86 4
391 87 5
391 88 4
391 90 5
391 94 3
391 95 4
391 99 4
391 100 5
391 105 2
391 108 3
391 109 4
391 110 2
391 111 4
391 117 5
391 118 3
391 122 2
391 123 5
391 126 4
391 128 3
391 132 5
391 135 3
391 136 5
391 138 2
391 139 3
391 142 4
391 144 3
391 147 3
391 148 5
391 153 3
391 154 5
391 161 4
391 168 4
391 169 5
391 172 4
391 173 4
391 181 4
391 184 4
391 186 5
391 189 4
391 191 4
391 194 5
391 196 2
391 202 4
391 203 4
391 204 2
391 206 4
391 215 3
391 222 3
391 223 4
391 227 4
391 228 5
391 233 4
391 237 5
391 239 4
391 240 1
391 241 3
391 243 3
391 245 3
391 252 5
391 255 3
391 257 5
391 258 3
391 265 4
391 270 2
391 271 4
391 273 4
391 274 3
391 275 4
391 278 3
391 280 4
391 281 3
391 283 4
391 290 3
391 291 4
391 294 2
391 298 1
391 303 3
391 313 5
391 316 5
391 317 4
391 318 3
391 321 3
391 323 4
391 328 3
391 333 4
391 338 3
391 342 2
391 344 5
391 347 4
391 354 5
391 355 3
391 356 4
391 357 4
391 362 4
391 363 3
391 364 3
391 365 4
391 366 4
391 369 2
391 373 3
391 374 5
391 376 3
391 377 2
391 378 4
391 380 4
391 385 4
391 386 3
391 391 3
391 393 4
391 394 4
391 396 4
391 403 3
391 404 4
391 405 4
391 409 4
391 410 3
391 412 3
391 415 3
391 417 5
391 418 5
391 419 4
391 420 3
391 421 4
391 423 3
391 431 5
391 443 4
391 456 2
391 465 5
391 470 3
391 471 4
391 472 3
391 473 2
391 476 4
391 477 3
391 479 5
391 480 5
391 496 4
391 497 3
391 500 4
391 501 4
391 527 3
391 538 5
391 539 3
391 540 3
391 544 4
391 546 2
391 550 4
391 552 4
391 553 4
391 554 2
391 559 5
391 561 2
391 566 2
391 568 4
391 569 3
391 571 4
391 576 3
391 578 4
391 588 5
391 591 4
391 596 4
391 597 3
391 622 4
391 623 3
391 628 2
391 630 4
391 633 5
391 636 4
391 644 5
391 651 4
391 655 4
391 659 3
391 672 3
391 681 2
391 683 1
391 685 3
391 686 2
391 687 2
391 690 4
391 692 4
391 696 3
391 705 5
391 710 4
391 715 4
391 717 3
391 721 3
391 722 4
391 725 4
391 727 4
391 728 3
391 731 4
391 737 3
391 739 4
391 742 4
391 747 4
391 751 3
391 755 4
391 756 4
391 761 4
391 763 4
391 771 3
391 775 3
391 778 4
391 779 3
391 780 3
391 781 2
391 783 4
391 789 5
391 792 4
391 794 4
391 797 4
391 802 3
391 805 5
391 808 3
391 810 4
391 812 4
391 815 4
391 821 3
391 824 3
391 825 3
391 826 3
391 831 2
391 836 5
391 840 3
391 841 2
391 842 4
391 843 5
391 845 1
391 870 5
391 871 2
391 876 4
391 879 3
391 890 3
391 905 4
391 922 4
391 929 3
391 930 3
391 932 3
391 939 3
391 940 3
391 944 3
391 949 4
391 951 4
391 953 5
391 964 5
391 977 3
391 996 3
391 997 3
391 999 5
391 1000 4
392 1 5
392 7 3
392 28 3
392 31 4
392 38 4
392 39 3
392 42 3
392 56 3
392 63 2
392 68 3
392 72 4
392 73 4
392 79 3
392 84 5
392 88 4
392 96 4
392 97 4
392 98 5
392 101 3
392 117 5
392 121 4
392 128 3
392 132 5
392 144 3
392 154 5
392 156 4
392 158 4
392 161 4
392 164 5
392 172 4
392 174 5
392 179 4
392 181 4
392 184 4
392 195 5
392 208 5
392 210 3
392 216 5
392 217 2
392 218 3
392 222 3
392 226 3
392 227 4
392 229 3
392 230 4
392 232 3
392 233 4
392 238 4
392 250 3
392 257 5
392 265 4
392 282 3
392 288 3
392 313 5
392 364 3
392 383 2
392 385 4
392 386 3
392 411 4
392 416 4
392 419 4
392 423 3
392 433 3
392 449 4
392 450 2
392 455 4
392 496 4
392 508 4
392 540 3
392 541 3
392 550 4
392 552 4
392 554 2
392 559 5
392 561 2
392 568 4
392 576 3
392 578 4
392 597 3
392 655 4
392 658 5
392 665 2
392 679 4
392 746 1
392 763 4
392 771 3
392 773 3
392 780 3
392 797 4
392 802 3
392 979 3
393 1 5
393 50 5
393 64 5
393 89 3
393 97 4
393 98 5
393 100 5
393 121 4
393 151 4
393 154 5
393 174 5
393 186 5
393 196 2
393 210 3
393 216 5
393 237 5
393 252 5
393 255 3
393 257 5
393 273 4
393 313 5
393 315 4
393 328 3
393 342 2
393 343 2
393 423 3
393 458 5
393 472 3
393 632 5
393 739 4
393 892 1
393 924 4
394 1 5
394 9 3
394 25 2
394 100 5
394 106 2
394 117 5
394 121 4
394 125 2
394 222 3
394 237 5
394 245 3
394 260 4
394 274 3
394 291 4
394 300 4
394 322 3
394 328 3
394 329 3
394 333 4
394 405 4
394 455 4
394 471 4
394 591 4
394 619 4
394 678 4
394 717 3
394 751 3
394 840 3
394 930 3
394 977 3
394 986 3
395 7 3
395 8 3
395 23 5
395 56 3
395 95 4
395 100 5
395 108 3
395 109 4
395 117 5
395 127 5
395 134 5
395 135 3
395 156 4
395 171 5
395 172 5
395 174 5
395 177 4
395 178 5
395 181 5
395 183 4
395 192 4
395 194 5
395 197 4
395 210 3
395 221 4
395 223 4
395 261 2
395 268 5
395 286 3
395 288 3
395 302 5
395 313 5
395 318 3
395 322 3
395 324 4
395 325 4
395 327 4
395 334 5
395 338 4
395 340 5
395 345 5
395 346 4
395 390 5
395 423 3
395 457 2
395 475 5
395 479 5
395 483 3
395 498 4
395 513 5
395 588 5
395 615 4
395 641 3
395 657 4
395 680 2
395 705 5
395 748 4
395 751 3
395 853 5
395 855 4
395 878 4
395 894 3
395 896 4
395 988 2
395 989 3
395 991 3
396 4 4
396 12 4
396 13 3
396 15 3
396 25 2
396 28 3
396 31 4
396 47 4
396 49 2
396 50 5
396 56 3
396 58 4
396 63 2
396 64 5
396 65 2
396 66 5
396 69 3
396 70 5
396 72 4
396 73 4
396 82 3
396 85 2
396 88 4
396 94 3
396 95 4
396 117 5
396 124 4
396 125 2
396 126 4
396 127 5
396 144 3
396 152 4
396 154 5
396 159 4
396 162 4
396 163 3
396 167 4
396 168 4
396 172 5
396 173 4
396 174 5
396 178 5
396 181 5
396 182 5
396 183 4
396 186 5
396 191 4
396 194 5
396 196 2
396 197 4
396 199 5
396 202 4
396 203 4
396 204 2
396 205 4
396 211 2
396 216 5
396 227 4
396 228 5
396 229 3
396 230 4
396 234 4
396 235 4
396 239 4
396 274 3
396 276 5
396 284 5
396 357 4
396 385 4
396 393 4
396 399 3
396 403 3
396 414 4
396 417 5
396 423 3
396 429 5
396 430 4
396 432 5
396 435 4
396 474 5
396 476 4
396 479 5
396 480 5
396 481 1
396 485 4
396 491 4
396 493 5
396 494 4
396 495 4
396 496 4
396 497 3
396 498 4
396 501 4
396 502 5
396 504 5
396 510 5
396 514 5
396 519 5
396 520 5
396 521 4
396 525 4
396 588 5
396 589 5
396 591 4
396 602 3
396 648 5
396 654 5
396 663 5
396 692 4
396 700 5
396 710 4
396 715 4
396 732 4
396 735 5
396 737 3
396 756 4
396 796 4
396 953 5
396 969 3
396 991 3
396 993 3
397 2 3
397 5 4
397 8 3
397 9 3
397 15 3
397 22 4
397 26 5
397 31 4
397 33 4
397 38 4
397 41 3
397 42 3
397 48 4
397 53 4
397 55 4
397 56 3
397 57 5
397 58 4
397 62 4
397 63 2
397 66 5
397 67 5
397 68 3
397 69 3
397 71 4
397 72 4
397 73 4
397 77 5
397 79 3
397 80 3
397 84 5
397 91 4
397 94 3
397 95 4
397 97 4
397 98 5
397 99 4
397 102 5
397 110 2
397 114 4
397 117 5
397 118 3
397 121 4
397 127 5
397 128 3
397 132 5
397 140 3
397 143 3
397 144 3
397 147 3
397 148 4
397 153 3
397 154 5
397 155 3
397 156 4
397 157 4
397 161 4
397 164 5
397 172 5
397 173 4
397 174 5
397 175 2
397 179 4
397 180 5
397 181 5
397 186 5
397 187 5
397 188 4
397 195 3
397 196 2
397 203 4
397 204 2
397 210 3
397 214 3
397 215 5
397 219 5
397 223 4
397 226 3
397 227 4
397 228 5
397 229 3
397 230 4
397 231 4
397 233 4
397 234 4
397 237 5
397 238 4
397 239 4
397 241 3
397 264 3
397 265 4
397 268 5
397 273 4
397 274 3
397 276 5
397 282 4
397 284 5
397 288 3
397 289 3
397 291 4
397 295 3
397 301 4
397 307 4
397 318 3
397 323 4
397 332 2
397 338 4
397 340 5
397 364 3
397 372 4
397 378 5
397 382 2
397 383 2
397 384 1
397 385 4
397 386 3
397 388 3
397 389 4
397 393 4
397 399 3
397 400 3
397 401 3
397 402 4
397 403 3
397 405 4
397 407 3
397 412 3
397 413 4
397 418 5
397 420 3
397 423 3
397 431 5
397 432 5
397 436 3
397 444 1
397 450 2
397 451 4
397 452 3
397 454 3
397 455 4
397 459 4
397 470 3
397 471 4
397 475 5
397 486 4
397 496 4
397 501 4
397 506 5
397 508 4
397 527 3
397 531 4
397 542 3
397 543 4
397 544 4
397 546 4
397 549 4
397 550 4
397 551 4
397 554 2
397 559 5
397 564 3
397 566 2
397 568 4
397 575 3
397 576 3
397 578 4
397 582 4
397 587 5
397 588 5
397 591 4
397 597 4
397 616 4
397 622 4
397 628 2
397 633 5
397 651 4
397 655 4
397 673 4
397 679 4
397 684 3
397 693 4
397 697 5
397 710 4
397 720 2
397 722 4
397 727 4
397 732 4
397 735 5
397 738 3
397 742 4
397 744 4
397 747 4
397 754 3
397 755 4
397 760 2
397 763 4
397 768 3
397 769 1
397 772 4
397 774 3
397 779 3
397 781 2
397 806 4
397 809 4
397 813 4
397 817 4
397 824 3
397 825 3
397 826 3
397 845 1
397 924 4
397 926 4
397 928 4
397 941 4
397 946 4
397 959 4
397 969 3
397 975 4
397 977 3
397 986 3
398 258 3
398 286 3
398 288 3
398 294 2
398 300 4
398 304 5
398 332 2
398 689 4
398 690 4
399 9 3
399 11 4
399 13 3
399 14 3
399 25 2
399 26 5
399 44 3
399 50 3
399 64 3
399 65 2
399 69 3
399 70 5
399 71 4
399 83 4
399 97 4
399 100 5
399 117 5
399 127 5
399 133 2
399 135 3
399 143 3
399 144 3
399 147 3
399 151 4
399 153 3
399 154 5
399 157 4
399 161 4
399 162 4
399 172 5
399 173 4
399 174 5
399 181 5
399 194 5
399 196 2
399 197 4
399 198 4
399 199 5
399 202 4
399 204 2
399 210 3
399 225 3
399 248 4
399 257 5
399 272 5
399 273 4
399 275 4
399 276 5
399 280 4
399 282 4
399 294 2
399 302 5
399 312 3
399 315 4
399 316 5
399 321 4
399 322 3
399 328 3
399 342 2
399 356 4
399 357 4
399 365 5
399 371 4
399 385 4
399 404 4
399 430 4
399 435 4
399 451 4
399 462 4
399 471 4
399 473 2
399 477 3
399 478 3
399 481 1
399 483 3
399 485 4
399 486 4
399 493 5
399 499 5
399 501 4
399 507 4
399 508 4
399 509 4
399 511 4
399 515 4
399 519 5
399 520 5
399 527 3
399 528 5
399 535 4
399 553 4
399 566 2
399 582 4
399 588 5
399 603 4
399 604 5
399 609 4
399 630 4
399 632 5
399 638 5
399 651 4
399 654 5
399 655 4
399 659 3
399 661 3
399 684 3
399 707 4
399 724 5
399 735 5
399 748 4
399 762 5
399 815 4
399 866 3
399 892 1
399 7 3
399 9 3
399 10 5
399 12 3
399 13 3
399 16 4
399 19 4
399 25 2
399 42 3
399 50 3
399 111 4
399 116 5
399 117 5
399 124 4
399 126 4
399 127 5
399 135 3
399 151 4
399 182 5
399 204 2
399 235 1
399 237 3
399 245 3
399 255 3
399 257 5
399 273 4
399 276 5
399 286 3
399 455 4
399 471 4
399 475 5
399 476 4
399 479 5
399 480 5
399 483 3
399 511 4
399 515 4
399 529 3
399 628 2
399 696 3
399 864 5
