201 237 4
201 306 4
201 361 5
201 475 4
201 934 3
201 1 4
201 111 4
201 268 4
201 283 4
201 291 3
201 305 4
201 331 3
201 740 3
202 288 3
202 294 3
202 330 2
202 358 3
202 876 2
202 259 2
202 292 4
202 682 3
202 872 2
202 877 2
202 880 3
202 887 4
202 895 3
202 948 2
203 127 4
203 240 3
203 258 4
203 288 3
203 477 3
203 7 4
203 9 4
203 100 4
203 106 3
203 111 4
203 117 4
203 118 3
203 121 4
203 123 3
203 129 3
203 148 3
203 181 4
203 222 4
203 235 3
203 274 4
203 276 4
203 284 3
203 291 3
203 370 2
203 410 3
203 471 4
203 472 3
203 515 4
203 546 3
203 597 3
203 685 4
203 748 3
203 845 4
203 864 3
203 866 3
203 925 3
203 928 3
204 294 3
204 302 4
204 328 3
204 332 3
204 739 4
204 22 4
204 66 4
204 243 2
204 245 3
204 258 4
204 259 2
204 269 4
204 270 4
204 289 3
204 300 4
204 307 3
204 310 4
204 313 4
204 323 3
204 327 3
204 331 3
204 333 4
204 342 3
204 343 3
204 348 3
204 678 3
204 683 3
204 687 2
204 689 3
204 690 3
204 748 3
204 754 4
204 879 3
204 892 3
204 901 2
205 143 4
205 171 4
205 201 3
205 432 4
205 554 3
205 2 3
205 5 3
205 8 4
205 11 4
205 12 4
205 22 4
205 23 4
205 28 4
205 29 3
205 30 4
205 31 4
205 32 4
205 33 4
205 37 1
205 38 3
205 39 3
205 40 3
205 41 3
205 42 4
205 43 3
205 45 4
205 47 3
205 48 4
205 49 3
205 50 4
205 51 3
205 52 4
205 53 3
205 55 4
205 56 4
205 57 4
205 58 4
205 60 4
205 61 4
205 62 3
205 63 3
205 64 5
205 66 4
205 67 3
205 68 3
205 70 4
205 71 4
205 72 3
205 73 3
205 75 4
205 76 4
205 77 3
205 78 2
205 80 3
205 81 4
205 82 4
205 83 4
205 85 4
205 87 4
205 88 4
205 90 3
205 91 3
205 92 4
205 94 3
205 96 4
205 97 4
205 98 4
205 101 3
205 102 3
205 127 4
205 132 4
205 135 4
205 139 3
205 141 4
205 142 3
205 149 3
205 161 4
205 168 4
205 169 4
205 172 4
205 173 4
205 175 4
205 178 5
205 179 4
205 180 4
205 183 4
205 184 3
205 185 4
205 186 4
205 188 4
205 189 4
205 190 4
205 191 4
205 192 4
205 193 4
205 195 4
205 197 4
205 198 4
205 199 4
205 200 4
205 202 4
205 204 4
205 206 3
205 207 4
205 208 4
205 210 4
205 211 4
205 212 3
205 214 3
205 215 4
205 216 4
205 217 3
205 218 4
205 219 3
205 226 4
205 227 3
205 228 4
205 229 3
205 230 3
205 231 3
205 232 3
205 233 4
205 234 4
205 238 4
205 239 4
205 265 4
205 288 3
205 302 4
205 308 3
205 317 4
205 318 4
205 347 4
205 350 3
205 351 3
205 356 4
205 361 5
205 364 2
205 365 3
205 366 4
205 367 3
205 371 3
205 374 4
205 376 3
205 377 1
205 379 3
205 383 2
205 384 3
205 386 3
205 387 4
205 388 3
205 391 3
205 393 4
205 395 2
205 396 3
205 397 3
205 399 3
205 400 1
205 402 4
205 403 4
205 404 4
205 414 4
205 415 2
205 416 3
205 417 3
205 419 4
205 420 4
205 421 4
205 422 3
205 423 4
205 426 4
205 427 4
205 430 4
205 431 3
205 433 4
205 434 4
205 437 1
205 438 1
205 439 1
205 440 1
205 441 2
205 442 1
205 444 3
205 446 3
205 447 4
205 448 3
205 449 3
205 450 2
205 451 4
205 452 3
205 453 2
205 461 4
205 462 4
205 463 4
205 464 5
205 465 3
205 467 4
205 469 4
205 470 3
205 480 4
205 482 4
205 501 4
205 504 4
205 509 4
205 510 4
205 511 4
205 514 4
205 515 4
205 516 4
205 517 4
205 518 4
205 519 4
205 520 4
205 521 4
205 522 4
205 523 4
205 524 4
205 525 4
205 526 4
205 527 4
205 528 4
205 529 4
205 530 4
205 536 4
205 537 4
205 540 3
205 541 3
205 543 3
205 545 2
205 548 3
205 549 4
205 551 2
205 552 4
205 553 3
205 555 4
205 556 3
205 557 4
205 558 4
205 559 3
205 560 3
205 561 2
205 562 4
205 563 2
205 564 2
205 565 3
205 566 4
205 567 1
205 568 4
205 569 3
205 570 4
205 573 3
205 574 3
205 575 3
205 577 3
205 578 3
205 579 4
205 580 3
205 581 4
205 583 3
205 584 3
205 585 4
205 586 3
205 588 4
205 592 3
205 593 5
205 603 4
205 606 4
205 622 4
205 623 3
205 624 3
205 625 3
205 626 5
205 627 3
205 639 4
205 642 4
205 643 4
205 644 4
205 645 4
205 647 4
205 648 4
205 649 4
205 650 4
205 651 4
205 652 4
205 653 4
205 654 4
205 655 4
205 656 4
205 659 4
205 661 4
205 662 4
205 664 4
205 666 4
205 667 3
205 669 2
205 670 4
205 671 4
205 673 4
205 674 3
205 675 4
205 679 3
205 684 4
205 692 4
205 693 4
205 694 4
205 695 3
205 697 4
205 699 4
205 700 2
205 702 3
205 707 4
205 708 4
205 710 3
205 712 3
205 714 4
205 715 3
205 716 4
205 719 2
205 720 3
205 721 3
205 722 3
205 723 4
205 726 3
205 727 4
205 728 3
205 729 4
205 731 3
205 732 4
205 734 2
205 736 4
205 739 4
205 745 5
205 746 4
205 747 4
205 753 4
205 755 4
205 759 3
205 761 3
205 765 3
205 768 3
205 769 2
205 770 3
205 771 2
205 772 3
205 773 3
205 774 2
205 775 3
205 776 2
205 777 3
205 778 4
205 779 3
205 780 3
205 782 3
205 783 3
205 784 1
205 785 3
205 786 3
205 787 2
205 788 1
205 789 4
205 790 3
205 791 3
205 793 3
205 794 3
205 795 3
205 796 3
205 798 2
205 802 3
205 807 1
205 808 3
205 810 3
205 812 2
205 816 3
205 842 3
205 843 4
205 849 2
205 851 5
205 853 5
205 854 3
205 855 4
205 858 1
205 859 2
205 860 2
205 861 3
205 904 4
205 921 4
205 939 4
205 941 3
205 943 3
205 944 3
205 946 3
205 947 3
205 949 3
205 951 3
205 953 4
205 955 4
205 956 3
205 957 3
205 959 4
205 960 3
205 964 4
205 969 3
205 971 4
205 994 2
205 996 2
205 997 2
205 999 4
206 53 3
206 478 4
206 575 3
206 769 2
206 945 4
206 1 4
206 3 3
206 4 4
206 5 3
206 7 4
206 8 4
206 10 4
206 11 4
206 12 4
206 13 4
206 14 4
206 15 4
206 20 3
206 22 4
206 24 3
206 25 4
206 28 4
206 30 4
206 32 4
206 39 3
206 40 3
206 42 4
206 47 4
206 48 4
206 50 4
206 52 4
206 58 4
206 63 3
206 64 5
206 69 4
206 71 4
206 72 3
206 79 4
206 85 4
206 86 4
206 87 4
206 89 4
206 92 4
206 93 4
206 96 4
206 99 4
206 115 4
206 117 4
206 121 4
206 123 3
206 125 4
206 127 4
206 129 3
206 131 4
206 132 4
206 133 4
206 134 4
206 135 4
206 136 4
206 143 4
206 148 3
206 151 4
206 152 3
206 153 4
206 156 4
206 158 3
206 164 4
206 168 4
206 170 4
206 172 4
206 173 4
206 174 4
206 175 4
206 179 4
206 181 4
206 182 4
206 183 4
206 186 4
206 187 4
206 188 4
206 190 4
206 191 4
206 194 4
206 195 4
206 196 4
206 198 4
206 199 4
206 202 4
206 203 4
206 204 4
206 206 3
206 209 4
206 211 4
206 212 3
206 213 4
206 215 4
206 218 4
206 219 3
206 220 3
206 222 4
206 228 4
206 234 4
206 235 3
206 237 4
206 238 4
206 239 4
206 240 3
206 274 4
206 275 4
206 276 4
206 277 3
206 284 3
206 289 3
206 317 4
206 318 4
206 357 4
206 368 2
206 381 4
206 396 3
206 404 4
206 405 3
206 410 3
206 411 3
206 414 4
206 418 4
206 419 4
206 420 4
206 421 4
206 427 4
206 428 4
206 429 4
206 430 4
206 431 3
206 434 4
206 435 4
206 436 4
206 443 4
206 447 4
206 451 4
206 452 3
206 453 2
206 461 4
206 463 4
206 468 4
206 469 4
206 474 4
206 476 3
206 479 4
206 480 4
206 481 4
206 482 4
206 485 4
206 487 4
206 488 4
206 490 4
206 496 4
206 498 4
206 499 4
206 501 4
206 503 3
206 504 4
206 505 4
206 507 4
206 508 4
206 509 4
206 511 4
206 514 4
206 515 4
206 517 4
206 519 4
206 520 4
206 523 4
206 524 4
206 526 4
206 527 4
206 528 4
206 529 4
206 543 3
206 559 3
206 561 2
206 573 3
206 582 4
206 588 4
206 589 4
206 591 4
206 596 3
206 605 3
206 606 4
206 607 3
206 608 5
206 610 4
206 611 4
206 612 4
206 624 3
206 632 4
206 633 4
206 634 4
206 638 4
206 639 4
206 640 3
206 641 5
206 642 4
206 645 4
206 647 4
206 651 4
206 652 4
206 655 4
206 662 4
206 663 4
206 664 4
206 665 3
206 672 3
206 675 4
206 692 4
206 693 4
206 699 4
206 701 3
206 705 4
206 712 3
206 713 4
206 715 3
206 727 4
206 732 4
206 735 4
206 737 3
206 745 4
206 746 4
206 747 4
206 756 3
206 772 3
206 787 2
206 813 4
206 823 3
206 825 3
206 826 3
206 831 2
206 845 4
206 919 4
206 921 4
206 923 4
206 942 4
206 960 3
206 962 2
207 72 3
207 258 4
207 315 4
207 403 4
207 655 4
207 1 4
207 2 3
207 4 4
207 8 4
207 25 4
207 28 4
207 29 3
207 40 3
207 45 4
207 50 4
207 56 4
207 62 3
207 68 3
207 69 4
207 70 4
207 82 4
207 88 4
207 89 4
207 91 3
207 96 4
207 97 4
207 98 4
207 99 4
207 100 4
207 117 4
207 118 3
207 123 3
207 127 4
207 132 4
207 135 4
207 143 4
207 144 4
207 147 4
207 157 4
207 158 3
207 159 4
207 161 4
207 163 4
207 172 4
207 173 4
207 174 4
207 177 4
207 179 4
207 180 4
207 181 4
207 182 4
207 183 4
207 185 4
207 186 4
207 188 4
207 193 4
207 194 4
207 196 4
207 197 4
207 200 4
207 201 3
207 202 4
207 203 4
207 205 4
207 208 4
207 209 4
207 211 4
207 214 3
207 215 4
207 216 4
207 217 3
207 218 4
207 222 4
207 223 4
207 226 4
207 227 3
207 228 4
207 229 3
207 230 3
207 231 3
207 232 3
207 235 3
207 238 4
207 239 4
207 244 3
207 248 4
207 249 3
207 250 3
207 255 3
207 257 4
207 265 4
207 269 4
207 274 4
207 286 4
207 289 3
207 290 3
207 291 3
207 313 4
207 316 4
207 345 3
207 357 4
207 371 3
207 382 4
207 385 4
207 393 4
207 399 3
207 400 1
207 405 3
207 416 3
207 418 4
207 423 4
207 427 4
207 428 4
207 432 4
207 433 4
207 436 4
207 447 4
207 448 3
207 449 3
207 455 3
207 466 4
207 476 3
207 478 4
207 479 4
207 483 5
207 484 4
207 493 5
207 496 4
207 502 4
207 508 4
207 510 4
207 514 4
207 519 4
207 521 4
207 525 4
207 559 3
207 561 2
207 565 3
207 588 4
207 603 4
207 616 4
207 629 4
207 635 3
207 642 4
207 648 4
207 656 4
207 657 4
207 660 4
207 675 4
207 684 4
207 705 4
207 710 3
207 712 3
207 715 3
207 729 4
207 732 4
207 746 4
207 755 4
207 756 3
207 785 3
207 844 3
207 859 2
207 869 3
207 879 3
207 949 3
207 969 3
207 972 4
207 993 3
208 258 4
208 288 3
208 302 4
208 312 3
208 324 3
208 270 4
208 271 3
208 286 4
208 294 3
208 300 4
208 313 4
208 315 4
208 319 3
208 328 3
208 347 4
208 358 3
208 539 2
208 683 3
208 689 3
208 748 3
209 89 4
209 165 4
209 187 4
209 474 4
209 484 4
209 6 4
209 8 4
209 9 4
209 12 4
209 14 4
209 22 4
209 23 4
209 28 4
209 30 4
209 48 4
209 50 4
209 58 4
209 59 4
209 60 4
209 65 4
209 87 4
209 97 4
209 98 4
209 99 4
209 100 4
209 133 4
209 135 4
209 153 4
209 154 4
209 156 4
209 162 4
209 166 4
209 168 4
209 170 4
209 172 4
209 173 4
209 174 4
209 175 4
209 179 4
209 181 4
209 186 4
209 191 4
209 192 4
209 195 4
209 197 4
209 199 4
209 200 4
209 201 3
209 202 4
209 203 4
209 204 4
209 205 4
209 207 4
209 209 4
209 210 4
209 213 4
209 214 3
209 216 4
209 223 4
209 264 3
209 266 3
209 270 4
209 275 4
209 276 4
209 283 4
209 285 4
209 286 4
209 288 3
209 300 4
209 303 4
209 318 4
209 321 3
209 322 3
209 325 3
209 327 3
209 339 3
209 343 3
209 357 4
209 367 3
209 381 4
209 382 4
209 404 4
209 427 4
209 428 4
209 429 4
209 430 4
209 433 4
209 435 4
209 461 4
209 478 4
209 479 4
209 480 4
209 481 4
209 482 4
209 483 5
209 485 4
209 486 4
209 489 4
209 491 4
209 493 5
209 496 4
209 497 4
209 498 4
209 504 4
209 505 4
209 514 4
209 516 4
209 518 4
209 520 4
209 523 4
209 526 4
209 527 4
209 528 4
209 530 4
209 604 4
209 606 4
209 607 3
209 608 5
209 609 4
209 615 4
209 618 4
209 631 3
209 633 4
209 647 4
209 654 4
209 659 4
209 661 4
209 664 4
209 676 4
209 680 3
209 684 4
209 708 4
209 709 4
209 714 4
209 733 4
209 749 3
209 855 4
209 877 2
209 879 3
209 937 4
209 945 4
209 965 4
209 995 3
210 347 4
210 538 3
210 748 3
210 882 3
210 886 4
210 258 4
210 269 4
210 286 4
210 289 3
210 300 4
210 311 3
210 312 3
210 313 4
210 315 4
210 316 4
210 323 3
210 328 3
210 340 4
210 354 3
210 690 3
210 754 4
210 873 1
210 898 3
210 905 3
211 28 4
211 50 4
211 58 4
211 182 4
211 304 3
211 1 4
211 4 4
211 9 4
211 22 4
211 38 3
211 56 4
211 73 3
211 88 4
211 117 4
211 161 4
211 168 4
211 172 4
211 181 4
211 186 4
211 195 4
211 196 4
211 208 4
211 209 4
211 210 4
211 222 4
211 227 3
211 228 4
211 229 3
211 230 3
211 258 4
211 265 4
211 276 4
211 318 4
211 405 3
211 435 4
211 449 3
211 451 4
211 485 4
211 527 4
211 566 4
211 568 4
211 651 4
211 655 4
211 709 4
211 720 3
211 732 4
211 770 3
212 114 5
212 117 4
212 135 4
212 202 4
212 357 4
212 4 4
212 7 4
212 23 4
212 24 3
212 28 4
212 56 4
212 64 5
212 70 4
212 81 4
212 92 4
212 96 4
212 150 4
212 154 4
212 172 4
212 173 4
212 175 4
212 182 4
212 186 4
212 193 4
212 206 3
212 211 4
212 218 4
212 276 4
212 288 3
212 318 4
212 340 4
212 408 4
212 427 4
212 436 4
212 480 4
212 487 4
212 508 4
212 526 4
212 634 4
212 651 4
212 684 4
212 724 4
213 14 4
213 147 4
213 250 3
213 270 4
213 284 3
213 7 4
213 9 4
213 15 4
213 50 4
213 124 4
213 181 4
213 222 4
213 236 3
213 245 3
213 255 3
213 257 4
213 258 4
213 260 2
213 269 4
213 271 3
213 275 4
213 286 4
213 297 4
213 300 4
213 301 3
213 302 4
213 303 4
213 306 4
213 326 3
213 328 3
213 332 3
213 471 4
213 508 4
213 628 4
213 690 3
213 877 2
213 936 5
214 264 3
214 272 4
214 310 4
214 346 3
214 690 3
214 100 4
214 258 4
214 260 2
214 294 3
214 300 4
214 301 3
214 302 4
214 325 3
214 340 4
214 343 3
214 678 3
214 748 3
215 154 4
215 180 4
215 479 4
215 480 4
215 641 5
215 56 4
215 185 4
215 195 4
215 243 2
215 269 4
215 322 3
215 323 3
215 328 3
215 432 4
215 531 4
215 748 3
215 754 4
216 416 3
216 692 4
216 763 3
216 865 5
216 930 3
216 1 4
216 2 3
216 7 4
216 8 4
216 9 4
216 10 4
216 11 4
216 12 4
216 13 4
216 14 4
216 21 2
216 22 4
216 24 3
216 25 4
216 27 3
216 28 4
216 29 3
216 31 4
216 32 4
216 36 3
216 38 3
216 41 3
216 42 4
216 43 3
216 44 4
216 49 3
216 50 4
216 51 3
216 53 3
216 54 3
216 55 4
216 56 4
216 58 4
216 64 5
216 65 4
216 66 4
216 67 3
216 69 4
216 70 4
216 71 4
216 73 3
216 77 3
216 81 4
216 82 4
216 83 4
216 85 4
216 86 4
216 87 4
216 88 4
216 90 3
216 92 4
216 93 4
216 94 3
216 97 4
216 98 4
216 99 4
216 105 2
216 106 3
216 107 4
216 117 4
216 121 4
216 123 3
216 125 4
216 126 4
216 127 4
216 132 4
216 133 4
216 134 4
216 136 4
216 137 4
216 140 3
216 142 3
216 143 4
216 144 4
216 148 3
216 154 4
216 155 3
216 156 4
216 157 4
216 158 3
216 159 4
216 161 4
216 168 4
216 172 4
216 174 4
216 176 4
216 178 4
216 181 4
216 182 4
216 183 4
216 185 4
216 187 4
216 191 4
216 194 4
216 195 4
216 196 4
216 197 4
216 199 4
216 200 4
216 202 4
216 203 4
216 204 4
216 209 4
216 210 4
216 211 4
216 213 4
216 215 4
216 216 4
216 217 3
216 219 3
216 220 3
216 225 3
216 226 4
216 230 3
216 234 4
216 237 4
216 238 4
216 239 4
216 240 3
216 241 3
216 242 4
216 245 3
216 246 4
216 248 4
216 249 3
216 250 3
216 251 4
216 252 3
216 253 4
216 254 2
216 257 4
216 258 4
216 259 2
216 264 3
216 266 3
216 268 4
216 272 4
216 274 4
216 275 4
216 276 4
216 277 3
216 281 3
216 283 4
216 284 3
216 285 4
216 286 4
216 287 4
216 288 3
216 289 3
216 294 3
216 295 4
216 297 4
216 298 4
216 301 3
216 304 3
216 307 3
216 312 3
216 313 4
216 315 4
216 316 4
216 317 4
216 318 4
216 319 3
216 322 3
216 323 3
216 326 3
216 327 3
216 328 3
216 329 4
216 331 3
216 332 3
216 333 4
216 338 3
216 339 3
216 346 3
216 347 4
216 348 3
216 354 3
216 356 4
216 357 4
216 364 2
216 366 4
216 367 3
216 369 2
216 375 2
216 378 4
216 385 4
216 388 2
216 393 4
216 395 2
216 396 3
216 399 3
216 401 3
216 402 4
216 403 4
216 404 4
216 405 3
216 411 3
216 412 2
216 417 3
216 418 4
216 419 4
216 423 4
216 425 4
216 427 4
216 431 3
216 432 4
216 433 4
216 443 4
216 448 3
216 451 4
216 452 3
216 462 4
216 463 4
216 468 4
216 469 4
216 471 4
216 472 3
216 473 3
216 475 4
216 476 3
216 479 4
216 480 4
216 496 4
216 498 4
216 500 4
216 501 4
216 506 4
216 509 4
216 515 4
216 526 4
216 531 4
216 532 4
216 538 3
216 546 3
216 549 4
216 553 3
216 554 3
216 559 3
216 560 3
216 564 2
216 568 4
216 576 3
216 578 3
216 585 4
216 588 4
216 591 4
216 592 3
216 607 3
216 614 4
216 619 4
216 625 3
216 627 3
216 628 4
216 633 4
216 651 4
216 652 4
216 657 4
216 658 4
216 660 4
216 662 4
216 676 4
216 678 3
216 682 3
216 684 4
216 685 4
216 686 4
216 689 3
216 690 3
216 693 4
216 696 3
216 699 4
216 707 4
216 708 4
216 710 3
216 712 3
216 713 4
216 717 3
216 720 3
216 721 3
216 723 4
216 724 4
216 729 4
216 734 2
216 735 4
216 737 3
216 738 3
216 739 4
216 746 4
216 747 4
216 748 3
216 750 4
216 754 4
216 755 4
216 761 3
216 762 3
216 768 3
216 770 3
216 775 3
216 778 4
216 781 4
216 783 3
216 785 3
216 790 3
216 792 4
216 794 3
216 795 3
216 803 3
216 807 1
216 812 2
216 815 3
216 819 2
216 821 3
216 824 2
216 827 3
216 833 3
216 834 2
216 840 2
216 842 3
216 843 4
216 845 4
216 849 2
216 864 3
216 866 3
216 873 1
216 874 3
216 879 3
216 895 3
216 915 5
216 916 3
216 917 4
216 918 3
216 928 3
216 929 3
216 931 2
216 934 3
216 936 5
216 937 4
216 938 2
216 941 3
216 955 4
216 959 4
216 966 4
216 972 4
216 975 3
216 980 3
216 985 3
216 990 3
216 997 2
217 24 3
217 211 4
217 384 3
217 550 4
217 588 4
217 1 4
217 3 3
217 5 3
217 7 4
217 11 4
217 12 4
217 13 4
217 15 4
217 16 3
217 17 3
217 20 3
217 23 4
217 27 3
217 29 3
217 32 4
217 39 3
217 42 4
217 44 4
217 47 4
217 50 4
217 51 3
217 55 4
217 56 4
217 58 4
217 62 3
217 63 3
217 64 5
217 65 4
217 67 3
217 68 3
217 69 4
217 70 4
217 72 3
217 73 3
217 77 3
217 78 2
217 79 4
217 80 3
217 81 4
217 82 4
217 83 4
217 89 4
217 91 3
217 95 4
217 96 4
217 97 4
217 98 4
217 99 4
217 100 4
217 101 3
217 106 3
217 109 3
217 118 3
217 120 2
217 122 2
217 123 3
217 125 4
217 127 4
217 131 4
217 132 4
217 135 4
217 139 3
217 142 3
217 144 4
217 145 2
217 147 4
217 154 4
217 157 4
217 159 4
217 162 4
217 164 4
217 167 3
217 168 4
217 169 4
217 171 4
217 172 4
217 173 4
217 174 4
217 176 4
217 178 4
217 179 4
217 181 4
217 182 4
217 183 4
217 184 3
217 186 4
217 190 4
217 195 4
217 196 4
217 198 4
217 200 4
217 201 3
217 202 4
217 206 3
217 207 4
217 208 4
217 214 3
217 216 4
217 217 3
217 218 4
217 219 3
217 222 4
217 223 4
217 226 4
217 228 4
217 232 3
217 234 4
217 235 3
217 242 4
217 245 3
217 246 4
217 248 4
217 250 3
217 252 3
217 255 3
217 257 4
217 258 4
217 260 2
217 264 3
217 265 4
217 270 4
217 273 4
217 286 4
217 288 3
217 290 3
217 293 4
217 294 3
217 298 4
217 323 3
217 324 3
217 325 3
217 326 3
217 340 4
217 357 4
217 358 3
217 364 2
217 367 3
217 373 3
217 380 4
217 382 4
217 385 4
217 386 3
217 388 2
217 391 3
217 392 4
217 393 4
217 395 2
217 396 3
217 399 3
217 402 4
217 403 4
217 404 4
217 413 2
217 419 4
217 420 4
217 421 4
217 422 3
217 423 4
217 425 4
217 428 4
217 431 3
217 433 4
217 436 4
217 441 2
217 444 3
217 447 4
217 449 3
217 451 4
217 452 3
217 461 4
217 465 3
217 472 3
217 474 4
217 475 4
217 483 5
217 484 4
217 485 4
217 498 4
217 501 4
217 508 4
217 513 4
217 518 4
217 541 3
217 544 3
217 545 2
217 546 3
217 551 2
217 552 4
217 555 4
217 559 3
217 561 2
217 562 4
217 563 2
217 574 4
217 578 3
217 579 4
217 582 4
217 596 3
217 597 3
217 614 4
217 616 4
217 625 3
217 628 4
217 631 3
217 636 3
217 638 4
217 640 3
217 642 4
217 655 4
217 658 4
217 665 3
217 668 2
217 669 2
217 674 3
217 679 3
217 684 4
217 685 4
217 692 4
217 708 4
217 709 4
217 710 3
217 715 3
217 723 4
217 725 3
217 727 4
217 728 3
217 732 4
217 742 4
217 746 4
217 747 4
217 748 3
217 758 1
217 762 3
217 764 3
217 765 3
217 767 1
217 769 2
217 774 2
217 778 4
217 781 4
217 783 3
217 792 4
217 796 3
217 797 3
217 800 3
217 804 3
217 809 3
217 810 3
217 815 3
217 825 3
217 827 3
217 831 2
217 849 2
217 855 4
217 871 3
217 895 3
217 923 4
217 928 3
217 940 2
217 943 3
217 944 3
217 946 3
217 963 4
217 979 3
217 999 4
217 1000 3
218 304 3
218 315 4
218 333 4
218 344 3
218 346 3
218 258 4
218 269 4
218 288 3
218 301 3
218 302 4
218 313 4
218 327 3
218 328 3
218 331 3
218 362 3
218 750 4
218 895 3
218 899 3
219 14 4
219 134 4
219 306 4
219 514 4
219 604 4
219 50 4
219 79 4
219 89 4
219 100 4
219 173 4
219 181 4
219 223 4
219 257 4
219 275 4
219 286 4
219 405 3
219 478 4
219 488 4
219 615 4
219 617 4
219 705 4
220 14 4
220 270 4
220 288 3
220 301 3
220 484 4
220 19 4
220 86 4
220 100 4
220 116 4
220 137 4
220 251 4
220 275 4
220 283 4
220 302 4
220 319 3
220 331 3
220 408 4
220 475 4
220 478 4
220 508 4
220 513 4
220 603 4
220 750 4
220 753 4
221 187 4
221 234 4
221 474 4
221 603 4
221 674 3
221 4 4
221 7 4
221 11 4
221 12 4
221 50 4
221 56 4
221 82 4
221 87 4
221 89 4
221 96 4
221 100 4
221 117 4
221 124 4
221 127 4
221 129 3
221 144 4
221 156 4
221 164 4
221 172 4
221 174 4
221 175 4
221 176 4
221 182 4
221 183 4
221 185 4
221 194 4
221 200 4
221 213 4
221 218 4
221 219 3
221 238 4
221 302 4
221 333 4
221 443 4
221 448 3
221 466 4
221 516 4
221 517 4
221 653 4
221 657 4
221 672 3
221 709 4
221 879 3
221 914 2
221 915 5
222 5 3
222 93 4
222 275 4
222 325 3
222 358 3
222 1 4
222 15 4
222 50 4
222 53 3
222 98 4
222 100 4
222 109 3
222 117 4
222 124 4
222 126 4
222 127 4
222 129 3
222 137 4
222 151 4
222 181 4
222 184 3
222 200 4
222 201 3
222 217 3
222 219 3
222 222 4
222 235 3
222 250 3
222 257 4
222 258 4
222 260 2
222 270 4
222 273 4
222 276 4
222 286 4
222 287 4
222 288 3
222 293 4
222 294 3
222 299 3
222 307 3
222 324 3
222 326 3
222 327 3
222 334 3
222 370 2
222 379 3
222 396 3
222 410 3
222 436 4
222 447 4
222 448 3
222 452 3
222 458 3
222 475 4
222 477 3
222 515 4
222 551 2
222 558 4
222 559 3
222 561 2
222 590 1
222 665 3
222 670 4
222 671 4
222 672 3
222 682 3
222 742 4
222 760 2
222 854 3
222 867 5
222 919 4
222 922 4
222 926 2
223 125 4
223 302 4
223 348 3
223 690 3
223 751 3
223 9 4
223 15 4
223 127 4
223 148 3
223 237 4
223 245 3
223 258 4
223 269 4
223 272 4
223 276 4
223 282 4
223 286 4
223 299 3
223 300 4
223 304 3
223 307 3
223 310 4
223 313 4
223 315 4
223 322 3
223 323 3
223 326 3
223 327 3
223 328 3
223 329 4
223 333 4
223 340 4
223 344 3
223 347 4
223 355 3
223 471 4
223 546 3
223 591 4
223 628 4
223 678 3
223 689 3
223 696 3
223 744 4
223 748 3
223 750 4
223 754 4
223 823 3
223 879 3
223 898 3
223 924 3
223 977 2
224 9 4
224 294 3
224 435 4
224 740 3
224 989 2
224 1 4
224 14 4
224 15 4
224 25 4
224 50 4
224 100 4
224 115 4
224 127 4
224 151 4
224 172 4
224 243 2
224 261 2
224 275 4
224 288 3
224 289 3
224 310 4
224 323 3
224 333 4
224 427 4
224 508 4
224 538 3
224 681 3
224 683 3
224 689 3
224 882 3
225 56 4
225 145 2
225 219 3
225 289 3
225 689 3
225 1 4
225 2 3
225 7 4
225 17 3
225 22 4
225 24 3
225 32 4
225 38 3
225 39 3
225 53 3
225 55 4
225 62 3
225 68 3
225 79 4
225 82 4
225 83 4
225 98 4
225 100 4
225 117 4
225 118 3
225 121 4
225 124 4
225 127 4
225 144 4
225 147 4
225 156 4
225 168 4
225 171 4
225 172 4
225 174 4
225 176 4
225 177 4
225 178 4
225 180 4
225 183 4
225 185 4
225 187 4
225 188 4
225 191 4
225 195 4
225 198 4
225 200 4
225 201 3
225 204 4
225 207 4
225 209 4
225 210 4
225 218 4
225 222 4
225 227 3
225 229 3
225 230 3
225 231 3
225 232 3
225 234 4
225 241 3
225 244 3
225 250 3
225 252 3
225 257 4
225 259 2
225 271 3
225 272 4
225 273 4
225 281 3
225 286 4
225 288 3
225 298 4
225 302 4
225 305 4
225 307 3
225 310 4
225 313 4
225 316 4
225 318 4
225 322 3
225 323 3
225 324 3
225 325 3
225 327 3
225 333 4
225 338 3
225 340 4
225 343 3
225 346 3
225 355 3
225 357 4
225 358 3
225 362 3
225 363 3
225 379 3
225 385 4
225 398 2
225 424 1
225 429 4
225 445 3
225 447 4
225 448 3
225 452 3
225 474 4
225 475 4
225 491 4
225 515 4
225 520 4
225 522 4
225 529 4
225 538 3
225 540 3
225 550 4
225 562 4
225 566 4
225 568 4
225 573 3
225 576 3
225 583 3
225 590 1
225 597 3
225 636 3
225 669 2
225 670 4
225 675 4
225 678 3
225 679 3
225 686 4
225 690 3
225 748 3
225 750 4
225 751 3
225 759 3
225 823 3
225 825 3
225 831 2
225 841 2
225 853 5
225 877 2
225 879 3
225 895 3
225 912 2
225 943 3
225 976 2
226 132 4
226 194 4
226 332 3
226 429 4
226 527 4
226 23 4
226 50 4
226 98 4
226 99 4
226 133 4
226 134 4
226 135 4
226 168 4
226 174 4
226 178 4
226 182 4
226 185 4
226 191 4
226 196 4
226 197 4
226 199 4
226 200 4
226 204 4
226 208 4
226 211 4
226 318 4
226 418 4
226 427 4
226 428 4
226 430 4
226 432 4
226 435 4
226 474 4
226 478 4
226 480 4
226 483 5
226 486 4
226 488 4
226 490 4
226 491 4
226 492 4
226 493 5
226 494 4
226 504 4
226 505 4
226 510 4
226 511 4
226 524 4
226 525 4
226 526 4
226 601 4
226 603 4
226 605 3
226 606 4
226 607 3
226 608 5
226 610 4
226 613 4
226 614 4
226 616 4
226 631 3
226 633 4
226 646 4
226 648 4
226 651 4
226 653 4
226 654 4
226 655 4
226 657 4
226 673 4
226 705 4
226 754 4
226 835 4
226 836 4
226 848 5
227 328 3
227 937 4
227 938 2
227 989 2
227 990 3
227 245 3
227 258 4
227 263 2
227 286 4
227 292 4
227 300 4
227 302 4
227 303 4
227 304 3
227 319 3
227 332 3
227 341 2
227 359 1
227 680 3
227 681 3
227 682 3
227 688 2
227 874 3
228 316 4
228 331 3
228 340 4
228 343 3
228 347 4
228 243 2
228 259 2
228 268 4
228 271 3
228 272 4
228 286 4
228 289 3
228 294 3
228 300 4
228 301 3
228 305 4
228 307 3
228 312 3
228 313 4
228 322 3
228 323 3
228 326 3
228 329 4
228 332 3
228 334 3
228 338 3
228 344 3
228 350 3
228 538 3
228 690 3
228 750 4
228 875 3
228 877 2
228 879 3
228 886 4
228 896 3
228 908 1
228 988 2
229 338 3
229 382 4
229 430 4
229 559 3
229 686 4
229 1 4
229 2 3
229 3 3
229 4 4
229 7 4
229 8 4
229 12 4
229 15 4
229 21 2
229 22 4
229 23 4
229 24 3
229 26 4
229 28 4
229 31 4
229 32 4
229 45 4
229 47 4
229 48 4
229 50 4
229 52 4
229 53 3
229 55 4
229 56 4
229 58 4
229 62 3
229 63 3
229 64 5
229 66 4
229 68 3
229 69 4
229 70 4
229 72 3
229 73 3
229 77 3
229 79 4
229 81 4
229 82 4
229 83 4
229 85 4
229 86 4
229 87 4
229 88 4
229 89 4
229 90 3
229 91 3
229 92 4
229 93 4
229 95 4
229 96 4
229 97 4
229 101 3
229 109 3
229 114 5
229 117 4
229 118 3
229 123 3
229 124 4
229 127 4
229 128 3
229 132 4
229 133 4
229 134 4
229 137 4
229 140 3
229 141 4
229 143 4
229 144 4
229 150 4
229 151 4
229 153 4
229 154 4
229 157 4
229 159 4
229 161 4
229 162 4
229 163 4
229 164 4
229 165 4
229 166 4
229 168 4
229 170 4
229 172 4
229 174 4
229 178 4
229 179 4
229 181 4
229 183 4
229 184 3
229 185 4
229 186 4
229 188 4
229 190 4
229 191 4
229 193 4
229 195 4
229 197 4
229 201 3
229 202 4
229 203 4
229 207 4
229 208 4
229 209 4
229 210 4
229 211 4
229 214 3
229 216 4
229 218 4
229 219 3
229 223 4
229 225 3
229 229 3
229 232 3
229 233 4
229 237 4
229 238 4
229 248 4
229 249 3
229 250 3
229 258 4
229 264 3
229 265 4
229 273 4
229 274 4
229 275 4
229 276 4
229 277 3
229 280 3
229 281 3
229 282 4
229 283 4
229 288 3
229 290 3
229 291 3
229 298 4
229 301 3
229 318 4
229 319 3
229 321 3
229 340 4
229 356 4
229 365 3
229 366 4
229 367 3
229 371 3
229 378 4
229 385 4
229 387 4
229 392 4
229 393 4
229 403 4
229 404 4
229 405 3
229 410 3
229 411 3
229 415 2
229 418 4
229 419 4
229 423 4
229 427 4
229 428 4
229 431 3
229 432 4
229 433 4
229 435 4
229 436 4
229 441 2
229 448 3
229 455 3
229 457 1
229 464 5
229 466 4
229 467 4
229 468 4
229 470 3
229 473 3
229 475 4
229 480 4
229 481 4
229 482 4
229 483 5
229 484 4
229 485 4
229 491 4
229 493 5
229 495 4
229 496 4
229 499 4
229 500 4
229 502 4
229 504 4
229 505 4
229 508 4
229 511 4
229 514 4
229 520 4
229 527 4
229 531 4
229 535 3
229 537 4
229 546 3
229 549 4
229 550 4
229 566 4
229 568 4
229 569 3
229 570 4
229 578 3
229 581 4
229 584 3
229 591 4
229 602 4
229 603 4
229 611 4
229 625 3
229 627 3
229 628 4
229 629 4
229 631 3
229 633 4
229 635 3
229 636 3
229 640 3
229 642 4
229 652 4
229 654 4
229 655 4
229 658 4
229 662 4
229 665 3
229 671 4
229 672 3
229 673 4
229 679 3
229 684 4
229 692 4
229 693 4
229 700 2
229 702 3
229 705 4
229 708 4
229 709 4
229 710 3
229 726 3
229 729 4
229 732 4
229 735 4
229 742 4
229 744 4
229 747 4
229 755 4
229 756 3
229 761 3
229 762 3
229 763 3
229 768 3
229 780 3
229 794 3
229 804 3
229 805 4
229 806 4
229 820 2
229 826 3
229 833 3
229 845 4
229 847 4
229 921 4
229 928 3
229 941 3
229 944 3
229 961 4
229 967 3
229 972 4
230 124 4
230 148 3
230 462 4
230 656 4
230 744 4
230 9 4
230 10 4
230 12 4
230 19 4
230 42 4
230 50 4
230 56 4
230 98 4
230 100 4
230 101 3
230 117 4
230 129 3
230 137 4
230 152 3
230 164 4
230 165 4
230 181 4
230 221 3
230 222 4
230 234 4
230 237 4
230 248 4
230 253 4
230 258 4
230 264 3
230 273 4
230 276 4
230 286 4
230 288 3
230 293 4
230 294 3
230 300 4
230 302 4
230 318 4
230 328 3
230 436 4
230 514 4
230 515 4
230 527 4
230 528 4
230 547 3
230 628 4
230 674 3
231 245 3
231 300 4
231 302 4
231 689 3
231 754 4
231 286 4
231 307 3
231 322 3
231 323 3
231 327 3
231 358 3
231 538 3
231 690 3
231 748 3
231 879 3
231 988 2
232 3 3
232 150 4
232 237 4
232 864 3
232 871 3
232 1 4
232 7 4
232 24 3
232 50 4
232 93 4
232 100 4
232 108 3
232 109 3
232 111 4
232 117 4
232 118 3
232 121 4
232 123 3
232 151 4
232 181 4
232 222 4
232 246 4
232 248 4
232 249 3
232 250 3
232 257 4
232 258 4
232 274 4
232 276 4
232 284 3
232 294 3
232 295 4
232 300 4
232 315 4
232 322 3
232 405 3
232 410 3
232 411 3
232 471 4
232 508 4
232 546 3
232 620 3
232 628 4
232 678 3
232 742 4
232 763 3
232 815 3
232 844 3
232 845 4
233 12 4
233 50 4
233 294 3
233 325 3
233 358 3
233 59 4
233 60 4
233 95 4
233 173 4
233 174 4
233 194 4
233 246 4
233 268 4
233 269 4
233 273 4
233 276 4
233 293 4
233 302 4
233 303 4
233 322 3
233 323 3
233 326 3
233 333 4
233 340 4
233 435 4
233 474 4
233 507 4
233 657 4
233 682 3
233 690 3
233 748 3
233 754 4
233 919 4
234 7 4
234 220 3
234 237 4
234 477 3
234 743 2
234 9 4
234 111 4
234 121 4
234 125 4
234 147 4
234 148 3
234 151 4
234 225 3
234 274 4
234 275 4
234 283 4
234 287 4
234 288 3
234 347 4
234 369 2
234 406 2
234 471 4
234 476 3
234 546 3
234 628 4
234 756 3
234 763 3
234 815 3
234 819 2
234 833 3
234 844 3
234 928 3
234 975 3
235 29 3
235 81 4
235 90 3
235 562 4
235 674 3
235 1 4
235 3 3
235 4 4
235 5 3
235 7 4
235 9 4
235 11 4
235 12 4
235 15 4
235 21 2
235 22 4
235 23 4
235 24 3
235 25 4
235 27 3
235 28 4
235 31 4
235 38 3
235 40 3
235 42 4
235 45 4
235 49 3
235 50 4
235 52 4
235 54 3
235 62 3
235 63 3
235 64 5
235 67 3
235 68 3
235 69 4
235 71 4
235 72 3
235 73 3
235 80 3
235 82 4
235 83 4
235 85 4
235 86 4
235 89 4
235 95 4
235 96 4
235 100 4
235 105 2
235 108 3
235 109 3
235 111 4
235 115 4
235 117 4
235 118 3
235 121 4
235 122 2
235 123 3
235 125 4
235 128 3
235 132 4
235 135 4
235 136 4
235 141 4
235 148 3
235 151 4
235 152 3
235 153 4
235 154 4
235 156 4
235 157 4
235 159 4
235 160 4
235 161 4
235 162 4
235 163 4
235 164 4
235 167 3
235 168 4
235 171 4
235 172 4
235 173 4
235 174 4
235 175 4
235 176 4
235 182 4
235 183 4
235 184 3
235 185 4
235 186 4
235 187 4
235 188 4
235 190 4
235 191 4
235 195 4
235 196 4
235 199 4
235 200 4
235 204 4
235 206 3
235 211 4
235 214 3
235 215 4
235 216 4
235 217 3
235 218 4
235 219 3
235 222 4
235 225 3
235 226 4
235 227 3
235 228 4
235 229 3
235 230 3
235 234 4
235 239 4
235 240 3
235 245 3
235 246 4
235 250 3
235 252 3
235 254 2
235 255 3
235 257 4
235 258 4
235 260 2
235 264 3
235 273 4
235 284 3
235 290 3
235 291 3
235 294 3
235 299 3
235 300 4
235 307 3
235 313 4
235 317 4
235 318 4
235 321 3
235 327 3
235 331 3
235 338 3
235 343 3
235 351 3
235 354 3
235 357 4
235 358 3
235 367 3
235 369 2
235 376 3
235 380 4
235 381 4
235 382 4
235 384 3
235 385 4
235 386 3
235 392 4
235 393 4
235 394 2
235 399 3
235 402 4
235 403 4
235 404 4
235 410 3
235 411 3
235 413 2
235 423 4
235 424 1
235 431 3
235 433 4
235 434 4
235 435 4
235 436 4
235 443 4
235 447 4
235 448 3
235 451 4
235 455 3
235 462 4
235 465 3
235 470 3
235 473 3
235 474 4
235 476 3
235 520 4
235 541 3
235 542 3
235 546 3
235 550 4
235 554 3
235 561 2
235 566 4
235 567 1
235 568 4
235 569 3
235 571 2
235 572 3
235 573 3
235 576 3
235 577 3
235 578 3
235 584 3
235 587 3
235 588 4
235 597 3
235 616 4
235 625 3
235 628 4
235 631 3
235 637 3
235 640 3
235 649 4
235 652 4
235 655 4
235 659 4
235 665 3
235 672 3
235 673 4
235 675 4
235 679 3
235 684 4
235 693 4
235 696 3
235 697 4
235 710 3
235 713 4
235 715 3
235 717 3
235 720 3
235 729 4
235 732 4
235 743 2
235 746 4
235 748 3
235 751 3
235 752 3
235 756 3
235 760 2
235 762 3
235 780 3
235 781 4
235 786 3
235 790 3
235 792 4
235 797 3
235 800 3
235 820 2
235 821 3
235 825 3
235 826 3
235 831 2
235 834 2
235 841 2
235 845 4
235 862 2
235 885 2
235 890 3
235 895 3
235 924 3
235 926 2
235 928 3
235 929 3
235 943 3
235 944 3
235 961 4
235 977 2
235 983 2
236 99 4
236 127 4
236 182 4
236 441 2
236 763 3
236 21 2
236 23 4
236 26 4
236 38 3
236 39 3
236 43 3
236 47 4
236 65 4
236 66 4
236 72 3
236 73 3
236 83 4
236 90 3
236 92 4
236 95 4
236 96 4
236 98 4
236 102 3
236 111 4
236 125 4
236 132 4
236 133 4
236 157 4
236 159 4
236 161 4
236 168 4
236 172 4
236 174 4
236 179 4
236 186 4
236 200 4
236 204 4
236 215 4
236 216 4
236 217 3
236 218 4
236 219 3
236 226 4
236 238 4
236 265 4
236 276 4
236 287 4
236 288 3
236 313 4
236 325 3
236 327 3
236 340 4
236 347 4
236 367 3
236 381 4
236 392 4
236 400 1
236 411 3
236 433 4
236 447 4
236 454 2
236 503 3
236 504 4
236 506 4
236 537 4
236 546 3
236 553 3
236 559 3
236 568 4
236 581 4
236 585 4
236 595 3
236 628 4
236 642 4
236 649 4
236 655 4
236 658 4
236 660 4
236 708 4
236 710 3
236 715 3
236 721 3
236 723 4
236 739 4
236 742 4
236 746 4
236 748 3
236 761 3
236 762 3
236 785 3
236 787 2
236 790 3
236 794 3
236 821 3
236 845 4
236 895 3
236 974 3
237 51 3
237 165 4
237 387 4
237 479 4
237 658 4
237 5 3
237 11 4
237 12 4
237 14 4
237 28 4
237 30 4
237 42 4
237 47 4
237 50 4
237 56 4
237 58 4
237 65 4
237 69 4
237 70 4
237 77 3
237 79 4
237 82 4
237 83 4
237 86 4
237 87 4
237 88 4
237 89 4
237 90 3
237 91 3
237 95 4
237 97 4
237 98 4
237 99 4
237 111 4
237 116 4
237 118 3
237 124 4
237 131 4
237 132 4
237 133 4
237 134 4
237 137 4
237 143 4
237 144 4
237 145 2
237 151 4
237 154 4
237 155 3
237 161 4
237 162 4
237 166 4
237 168 4
237 170 4
237 173 4
237 174 4
237 176 4
237 179 4
237 180 4
237 181 4
237 183 4
237 185 4
237 186 4
237 190 4
237 191 4
237 195 4
237 197 4
237 204 4
237 207 4
237 208 4
237 211 4
237 212 3
237 213 4
237 214 3
237 216 4
237 217 3
237 218 4
237 219 3
237 229 3
237 234 4
237 237 4
237 238 4
237 239 4
237 244 3
237 253 4
237 254 2
237 265 4
237 275 4
237 276 4
237 281 3
237 283 4
237 286 4
237 287 4
237 288 3
237 292 4
237 301 3
237 318 4
237 378 4
237 381 4
237 393 4
237 402 4
237 404 4
237 412 2
237 415 2
237 418 4
237 419 4
237 421 4
237 423 4
237 428 4
237 432 4
237 433 4
237 435 4
237 436 4
237 447 4
237 450 2
237 451 4
237 463 4
237 466 4
237 473 3
237 478 4
237 480 4
237 482 4
237 483 5
237 484 4
237 485 4
237 496 4
237 497 4
237 499 4
237 501 4
237 507 4
237 512 4
237 514 4
237 517 4
237 518 4
237 521 4
237 523 4
237 559 3
237 566 4
237 581 4
237 582 4
237 583 3
237 584 3
237 588 4
237 603 4
237 607 3
237 614 4
237 629 4
237 640 3
237 642 4
237 651 4
237 652 4
237 654 4
237 655 4
237 657 4
237 660 4
237 663 4
237 665 3
237 672 3
237 674 3
237 683 3
237 684 4
237 692 4
237 696 3
237 697 4
237 698 3
237 699 4
237 702 3
237 705 4
237 707 4
237 708 4
237 709 4
237 710 3
237 727 4
237 730 3
237 732 4
237 736 4
237 737 3
237 739 4
237 746 4
237 747 4
237 748 3
237 753 4
237 755 4
237 770 3
237 778 4
237 781 4
237 794 3
237 812 2
237 842 3
237 843 4
237 946 3
237 955 4
237 969 3
238 1 4
238 9 4
238 50 4
238 845 4
238 864 3
238 15 4
238 21 2
238 100 4
238 118 3
238 121 4
238 181 4
238 220 3
238 237 4
238 245 3
238 255 3
238 269 4
238 280 3
238 286 4
238 321 3
238 471 4
238 476 3
238 815 3
238 866 3
239 93 4
239 125 4
239 293 4
239 300 4
239 307 3
239 7 4
239 13 4
239 14 4
239 100 4
239 121 4
239 147 4
239 237 4
239 240 3
239 242 4
239 246 4
239 257 4
239 273 4
239 276 4
239 282 4
239 285 4
239 288 3
239 301 3
239 405 3
239 475 4
239 591 4
239 895 3
240 86 4
240 319 3
240 323 3
240 971 4
240 988 2
240 70 4
240 171 4
240 198 4
240 242 4
240 243 2
240 271 3
240 272 4
240 283 4
240 300 4
240 310 4
240 312 3
240 313 4
240 328 3
240 329 4
240 340 4
240 350 3
240 512 4
240 515 4
240 582 4
240 690 3
240 736 4
240 749 3
240 750 4
240 751 3
240 886 4
240 904 4
240 921 4
240 937 4
241 117 4
241 313 4
241 342 3
241 405 3
241 751 3
241 1 4
241 7 4
241 9 4
241 15 4
241 25 4
241 121 4
241 259 2
241 288 3
241 294 3
241 683 3
242 217 3
242 550 4
242 665 3
242 979 3
242 988 2
242 7 4
242 11 4
242 12 4
242 14 4
242 17 3
242 22 4
242 26 4
242 27 3
242 29 3
242 31 4
242 33 4
242 38 3
242 39 3
242 41 3
242 42 4
242 44 4
242 53 3
242 54 3
242 55 4
242 56 4
242 62 3
242 64 5
242 67 3
242 68 3
242 79 4
242 82 4
242 98 4
242 100 4
242 117 4
242 129 3
242 144 4
242 150 4
242 154 4
242 156 4
242 159 4
242 161 4
242 168 4
242 174 4
242 176 4
242 177 4
242 182 4
242 184 3
242 186 4
242 195 4
242 203 4
242 204 4
242 209 4
242 210 4
242 219 3
242 226 4
242 228 4
242 229 3
242 230 3
242 231 3
242 234 4
242 240 3
242 273 4
242 276 4
242 281 3
242 286 4
242 288 3
242 294 3
242 318 4
242 342 3
242 350 3
242 367 3
242 385 4
242 401 3
242 403 4
242 410 3
242 436 4
242 449 3
242 452 3
242 482 4
242 508 4
242 546 3
242 554 3
242 559 3
242 569 3
242 572 3
242 576 3
242 578 3
242 591 4
242 628 4
242 635 3
242 636 3
242 672 3
242 684 4
242 685 3
242 695 3
242 710 3
242 746 4
242 769 2
242 780 3
242 800 3
242 810 3
242 834 2
242 873 1
242 943 3
242 975 3
243 258 4
243 286 4
243 294 3
243 323 3
243 327 3
243 12 4
243 271 3
243 309 2
243 313 4
243 340 4
243 343 3
243 358 3
243 644 4
243 678 3
243 687 2
244 271 3
244 300 4
244 313 4
244 515 4
244 678 3
244 9 4
244 50 4
244 100 4
244 245 3
244 251 4
244 258 4
244 275 4
244 748 3
244 751 3
244 906 4
244 912 2
244 916 3
245 12 4
245 268 4
245 302 4
245 752 3
245 871 3
245 7 4
245 9 4
245 23 4
245 28 4
245 50 4
245 55 4
245 64 5
245 79 4
245 87 4
245 100 4
245 117 4
245 118 3
245 121 4
245 123 3
245 127 4
245 144 4
245 147 4
245 150 4
245 174 4
245 181 4
245 195 4
245 203 4
245 204 4
245 208 4
245 209 4
245 221 3
245 235 3
245 237 4
245 245 3
245 246 4
245 248 4
245 273 4
245 276 4
245 291 3
245 293 4
245 295 4
245 310 4
245 313 4
245 324 3
245 325 3
245 330 2
245 333 4
245 340 4
245 346 3
245 405 3
245 408 4
245 410 3
245 460 2
245 475 4
245 479 4
245 480 4
245 504 4
245 544 3
245 591 4
245 595 3
245 597 3
245 603 4
245 628 4
245 644 4
245 689 3
245 742 4
245 744 4
245 748 3
245 762 3
245 763 3
245 818 2
245 823 3
245 829 3
245 831 2
245 840 2
245 844 3
245 845 4
245 881 2
245 886 4
245 895 3
245 908 1
245 919 4
245 959 4
245 979 3
246 286 4
246 306 4
246 311 3
246 748 3
246 880 3
246 268 4
246 269 4
246 270 4
246 288 3
246 292 4
246 294 3
246 301 3
246 302 4
246 303 4
246 326 3
246 327 3
246 328 3
246 332 3
246 334 3
246 359 1
246 688 2
246 690 3
246 754 4
246 883 3
246 887 4
246 888 3
247 85 4
247 121 4
247 133 4
247 258 4
247 879 3
247 1 4
247 5 3
247 7 4
247 9 4
247 11 4
247 17 3
247 27 3
247 28 4
247 31 4
247 55 4
247 56 4
247 65 4
247 68 3
247 69 4
247 70 4
247 89 4
247 91 3
247 96 4
247 98 4
247 100 4
247 111 4
247 117 4
247 123 3
247 135 4
247 144 4
247 147 4
247 148 3
247 150 4
247 151 4
247 153 4
247 156 4
247 157 4
247 158 3
247 174 4
247 176 4
247 180 4
247 183 4
247 204 4
247 206 3
247 209 4
247 218 4
247 222 4
247 227 3
247 231 3
247 233 4
247 234 4
247 248 4
247 252 3
247 260 2
247 281 3
247 284 3
247 286 4
247 288 3
247 290 3
247 293 4
247 298 4
247 300 4
247 367 3
247 405 3
247 410 3
247 435 4
247 447 4
247 469 4
247 470 3
247 483 5
247 484 4
247 498 4
247 544 3
247 546 3
247 559 3
247 582 4
247 591 4
247 597 3
247 629 4
247 642 4
247 678 3
247 742 4
247 748 3
247 760 2
247 815 3
247 823 3
247 845 4
247 866 3
247 926 2
247 963 4
247 981 2
248 304 3
248 316 4
248 345 3
248 360 3
248 887 4
248 262 3
248 268 4
248 269 4
248 271 3
248 286 4
248 292 4
248 301 3
248 303 4
248 305 4
248 307 3
248 319 3
248 321 3
248 327 3
248 333 4
248 338 3
248 340 4
248 344 3
248 750 4
248 884 3
248 896 3
248 900 4
248 902 3
249 105 2
249 244 3
249 282 4
249 702 3
249 971 4
249 9 4
249 15 4
249 59 4
249 60 4
249 61 4
249 100 4
249 117 4
249 118 3
249 122 2
249 127 4
249 137 4
249 170 4
249 171 4
249 179 4
249 212 3
249 224 4
249 248 4
249 251 4
249 269 4
249 273 4
249 276 4
249 285 4
249 286 4
249 288 3
249 291 3
249 293 4
249 310 4
249 337 3
249 381 4
249 410 3
249 459 3
249 473 3
249 546 3
249 558 4
249 742 4
249 748 3
249 753 4
249 763 3
249 936 5
249 983 2
250 287 4
250 427 4
250 430 4
250 468 4
250 739 4
250 1 4
250 2 3
250 3 3
250 4 4
250 7 4
250 10 4
250 12 4
250 13 4
250 15 4
250 26 4
250 28 4
250 29 3
250 35 1
250 38 3
250 39 3
250 49 3
250 51 3
250 54 3
250 56 4
250 58 4
250 60 4
250 64 5
250 65 4
250 66 4
250 67 3
250 70 4
250 71 4
250 73 3
250 77 3
250 79 4
250 80 3
250 81 4
250 82 4
250 83 4
250 86 4
250 87 4
250 88 4
250 89 4
250 90 3
250 92 4
250 94 3
250 95 4
250 97 4
250 98 4
250 99 4
250 100 4
250 101 3
250 110 2
250 112 2
250 114 5
250 117 4
250 121 4
250 123 3
250 125 4
250 126 4
250 127 4
250 131 4
250 132 4
250 133 4
250 134 4
250 135 4
250 136 4
250 139 3
250 141 4
250 142 3
250 143 4
250 144 4
250 145 2
250 152 3
250 153 4
250 154 4
250 155 3
250 157 4
250 158 3
250 161 4
250 162 4
250 163 4
250 164 4
250 166 4
250 167 3
250 168 4
250 169 4
250 173 4
250 174 4
250 176 4
250 177 4
250 179 4
250 180 4
250 182 4
250 183 4
250 185 4
250 187 4
250 191 4
250 192 4
250 193 4
250 194 4
250 195 4
250 196 4
250 197 4
250 199 4
250 200 4
250 202 4
250 203 4
250 204 4
250 205 4
250 207 4
250 208 4
250 210 4
250 211 4
250 215 4
250 216 4
250 218 4
250 222 4
250 223 4
250 225 3
250 226 4
250 227 3
250 229 3
250 231 3
250 233 4
250 237 4
250 238 4
250 239 4
250 241 3
250 245 3
250 252 3
250 254 2
250 258 4
250 264 3
250 265 4
250 269 4
250 270 4
250 272 4
250 274 4
250 275 4
250 277 3
250 278 3
250 280 3
250 281 3
250 282 4
250 283 4
250 288 3
250 290 3
250 292 4
250 294 3
250 299 3
250 300 4
250 301 3
250 302 4
250 304 3
250 305 4
250 310 4
250 311 3
250 312 3
250 313 4
250 315 4
250 316 4
250 328 3
250 332 3
250 340 4
250 354 3
250 357 4
250 367 3
250 371 3
250 373 3
250 378 4
250 380 4
250 381 4
250 382 4
250 383 2
250 384 3
250 385 4
250 387 4
250 393 4
250 395 2
250 396 3
250 400 1
250 401 3
250 402 4
250 414 4
250 416 3
250 417 3
250 418 4
250 419 4
250 421 4
250 422 3
250 428 4
250 431 3
250 432 4
250 433 4
250 434 4
250 435 4
250 443 4
250 448 3
250 451 4
250 455 3
250 462 4
250 465 3
250 467 4
250 469 4
250 470 3
250 471 4
250 472 3
250 474 4
250 476 3
250 477 3
250 478 4
250 479 4
250 480 4
250 481 4
250 482 4
250 483 5
250 484 4
250 487 4
250 488 4
250 490 4
250 491 4
250 493 5
250 494 4
250 495 4
250 496 4
250 497 4
250 499 4
250 500 4
250 502 4
250 503 3
250 505 4
250 506 4
250 507 4
250 509 4
250 510 4
250 511 4
250 514 4
250 518 4
250 520 4
250 523 4
250 525 4
250 526 4
250 527 4
250 528 4
250 530 4
250 535 3
250 549 4
250 550 4
250 553 3
250 557 4
250 558 4
250 559 3
250 561 2
250 566 4
250 568 4
250 570 4
250 582 4
250 583 3
250 589 4
250 591 4
250 602 4
250 604 4
250 606 4
250 607 3
250 608 5
250 609 4
250 610 4
250 611 4
250 612 4
250 613 4
250 614 4
250 618 4
250 620 3
250 622 4
250 629 4
250 630 3
250 631 3
250 632 4
250 633 4
250 637 3
250 642 4
250 647 4
250 648 4
250 650 4
250 651 4
250 655 4
250 657 4
250 659 4
250 660 4
250 661 4
250 663 4
250 673 4
250 679 3
250 685 3
250 686 4
250 689 3
250 692 4
250 693 4
250 700 2
250 704 3
250 705 4
250 707 4
250 708 4
250 709 4
250 710 3
250 712 3
250 714 4
250 715 3
250 716 4
250 717 3
250 723 4
250 727 4
250 728 3
250 729 4
250 731 3
250 735 4
250 736 4
250 742 4
250 747 4
250 748 3
250 751 3
250 761 3
250 762 3
250 765 3
250 771 2
250 774 2
250 775 3
250 778 4
250 783 3
250 785 3
250 790 3
250 792 4
250 794 3
250 801 3
250 807 1
250 815 3
250 821 3
250 823 3
250 832 3
250 837 4
250 842 3
250 845 4
250 846 3
250 847 4
250 865 5
250 869 3
250 873 1
250 878 2
250 900 4
250 902 3
250 904 4
250 905 3
250 908 1
250 921 4
250 923 4
250 926 2
250 928 3
250 934 3
250 936 5
250 939 4
250 940 2
250 942 4
250 951 3
250 956 3
250 965 4
250 966 4
250 967 3
250 969 3
251 263 2
251 264 3
251 683 3
251 688 2
251 690 3
251 242 4
251 243 2
251 259 2
251 260 2
251 262 3
251 268 4
251 269 4
251 270 4
251 286 4
251 288 3
251 289 3
251 292 4
251 294 3
251 299 3
251 300 4
251 301 3
251 303 4
251 305 4
251 307 3
251 308 3
251 319 3
251 322 3
251 323 3
251 325 3
251 327 3
251 328 3
251 329 4
251 330 2
251 331 3
251 332 3
251 333 4
251 336 3
251 337 3
251 359 1
251 360 3
251 457 1
251 680 3
251 681 3
251 682 3
251 687 2
251 749 3
251 872 2
251 874 3
251 875 3
251 877 2
251 879 3
251 880 3
251 881 2
251 882 3
251 883 3
251 884 3
251 937 4
251 938 2
251 984 3
251 989 2
251 991 2
251 995 3
252 79 4
252 211 4
252 490 4
252 509 4
252 856 4
252 7 4
252 8 4
252 14 4
252 22 4
252 25 4
252 27 3
252 45 4
252 48 4
252 52 4
252 58 4
252 60 4
252 61 4
252 62 3
252 64 5
252 66 4
252 69 4
252 70 4
252 73 3
252 86 4
252 88 4
252 89 4
252 96 4
252 97 4
252 99 4
252 111 4
252 121 4
252 124 4
252 127 4
252 132 4
252 134 4
252 135 4
252 136 4
252 143 4
252 152 3
252 154 4
252 156 4
252 161 4
252 162 4
252 163 4
252 168 4
252 170 4
252 171 4
252 173 4
252 174 4
252 180 4
252 181 4
252 183 4
252 185 4
252 186 4
252 187 4
252 188 4
252 191 4
252 194 4
252 195 4
252 197 4
252 201 3
252 202 4
252 203 4
252 204 4
252 207 4
252 212 3
252 216 4
252 234 4
252 237 4
252 243 2
252 245 3
252 259 2
252 269 4
252 276 4
252 286 4
252 294 3
252 318 4
252 371 3
252 384 3
252 404 4
252 418 4
252 419 4
252 420 4
252 423 4
252 427 4
252 430 4
252 432 4
252 435 4
252 443 4
252 455 3
252 458 3
252 461 4
252 462 4
252 465 3
252 467 4
252 472 3
252 479 4
252 482 4
252 483 5
252 485 4
252 488 4
252 491 4
252 492 4
252 494 4
252 495 4
252 496 4
252 498 4
252 502 4
252 506 4
252 510 4
252 513 4
252 517 4
252 518 4
252 521 4
252 523 4
252 526 4
252 530 4
252 531 4
252 554 3
252 576 3
252 588 4
252 597 3
252 603 4
252 609 4
252 614 4
252 615 4
252 624 3
252 631 3
252 636 3
252 641 5
252 648 4
252 654 4
252 659 4
252 660 4
252 684 4
252 729 4
252 736 4
252 780 3
252 781 4
252 792 4
252 805 4
252 815 3
252 863 4
252 874 3
252 924 3
252 947 3
252 969 3
252 971 4
253 77 3
253 184 3
253 214 3
253 223 4
253 234 4
253 3 3
253 4 4
253 7 4
253 9 4
253 11 4
253 12 4
253 17 3
253 22 4
253 24 3
253 33 4
253 42 4
253 48 4
253 49 3
253 50 4
253 53 3
253 59 4
253 68 3
253 69 4
253 73 3
253 79 4
253 80 3
253 93 4
253 94 3
253 97 4
253 98 4
253 100 4
253 117 4
253 122 2
253 125 4
253 132 4
253 143 4
253 154 4
253 156 4
253 157 4
253 158 3
253 164 4
253 168 4
253 172 4
253 174 4
253 181 4
253 186 4
253 188 4
253 196 4
253 204 4
253 210 4
253 231 3
253 233 4
253 238 4
253 239 4
253 246 4
253 248 4
253 254 2
253 258 4
253 268 4
253 276 4
253 288 3
253 298 4
253 318 4
253 354 3
253 356 4
253 357 4
253 364 2
253 367 3
253 369 2
253 384 3
253 385 4
253 393 4
253 401 3
253 402 4
253 410 3
253 412 2
253 416 3
253 421 4
253 423 4
253 424 1
253 427 4
253 456 2
253 471 4
253 475 4
253 476 3
253 496 4
253 508 4
253 509 4
253 515 4
253 550 4
253 552 4
253 566 4
253 568 4
253 578 3
253 586 3
253 591 4
253 628 4
253 651 4
253 655 4
253 684 4
253 693 4
253 697 4
253 717 3
253 721 3
253 742 4
253 871 3
253 959 4
253 963 4
253 975 3
254 193 4
254 194 4
254 404 4
254 454 2
254 961 4
254 1 4
254 11 4
254 12 4
254 15 4
254 22 4
254 28 4
254 50 4
254 51 3
254 55 4
254 56 4
254 58 4
254 66 4
254 69 4
254 70 4
254 73 3
254 76 4
254 77 3
254 79 4
254 82 4
254 87 4
254 88 4
254 89 4
254 96 4
254 97 4
254 98 4
254 99 4
254 100 4
254 107 4
254 114 5
254 117 4
254 118 3
254 121 4
254 124 4
254 131 4
254 133 4
254 134 4
254 136 4
254 143 4
254 144 4
254 153 4
254 161 4
254 162 4
254 164 4
254 169 4
254 172 4
254 173 4
254 174 4
254 181 4
254 182 4
254 185 4
254 191 4
254 195 4
254 196 4
254 197 4
254 199 4
254 202 4
254 203 4
254 204 4
254 210 4
254 211 4
254 215 4
254 222 4
254 228 4
254 234 4
254 237 4
254 245 3
254 248 4
254 250 3
254 255 3
254 257 4
254 258 4
254 259 2
254 260 2
254 270 4
254 272 4
254 277 3
254 279 3
254 286 4
254 289 3
254 293 4
254 300 4
254 310 4
254 315 4
254 316 4
254 317 4
254 318 4
254 322 3
254 323 3
254 326 3
254 356 4
254 357 4
254 378 4
254 385 4
254 392 4
254 414 4
254 418 4
254 419 4
254 423 4
254 427 4
254 431 3
254 434 4
254 435 4
254 451 4
254 465 3
254 468 4
254 474 4
254 478 4
254 479 4
254 482 4
254 483 5
254 484 4
254 485 4
254 487 4
254 490 4
254 492 4
254 493 5
254 496 4
254 497 4
254 507 4
254 509 4
254 519 4
254 520 4
254 526 4
254 528 4
254 531 4
254 566 4
254 568 4
254 603 4
254 605 3
254 607 3
254 610 4
254 612 4
254 614 4
254 627 3
254 631 3
254 633 4
254 642 4
254 649 4
254 651 4
254 654 4
254 655 4
254 657 4
254 659 4
254 660 4
254 661 4
254 678 3
254 685 3
254 686 4
254 692 4
254 693 4
254 694 4
254 705 4
254 707 4
254 724 4
254 735 4
254 736 4
254 740 3
254 742 4
254 746 4
254 836 4
254 837 4
254 842 3
254 873 1
254 875 3
254 879 3
254 939 4
254 945 4
254 956 3
254 968 4
255 65 4
255 89 4
255 173 4
255 298 4
255 549 4
255 1 4
255 2 3
255 4 4
255 7 4
255 8 4
255 9 4
255 12 4
255 14 4
255 17 3
255 20 3
255 24 3
255 25 4
255 31 4
255 39 3
255 40 3
255 42 4
255 44 4
255 47 4
255 53 3
255 56 4
255 57 4
255 58 4
255 64 5
255 69 4
255 70 4
255 71 4
255 87 4
255 95 4
255 96 4
255 97 4
255 98 4
255 100 4
255 118 3
255 123 3
255 125 4
255 126 4
255 127 4
255 135 4
255 148 3
255 161 4
255 170 4
255 174 4
255 176 4
255 191 4
255 196 4
255 197 4
255 204 4
255 214 3
255 217 3
255 222 4
255 223 4
255 228 4
255 234 4
255 237 4
255 241 3
255 245 3
255 252 3
255 255 3
255 257 4
255 265 4
255 270 4
255 275 4
255 276 4
255 277 3
255 279 3
255 281 3
255 282 4
255 288 3
255 289 3
255 291 3
255 292 4
255 293 4
255 300 4
255 301 3
255 304 3
255 307 3
255 313 4
255 317 4
255 318 4
255 321 3
255 323 3
255 334 3
255 343 3
255 380 4
255 382 4
255 393 4
255 402 4
255 405 3
255 423 4
255 428 4
255 447 4
255 455 3
255 462 4
255 465 3
255 471 4
255 475 4
255 504 4
255 508 4
255 511 4
255 515 4
255 518 4
255 529 4
255 531 4
255 582 4
255 584 3
255 591 4
255 597 3
255 627 3
255 628 4
255 629 4
255 647 4
255 660 4
255 678 3
255 692 4
255 694 4
255 709 4
255 724 4
255 727 4
255 738 3
255 747 4
255 755 4
255 778 4
255 898 3
255 934 3
255 939 4
256 99 4
256 180 4
256 208 4
256 216 4
256 447 4
256 1 4
256 3 3
256 4 4
256 9 4
256 12 4
256 13 4
256 22 4
256 23 4
256 32 4
256 42 4
256 46 4
256 50 4
256 53 3
256 54 3
256 57 4
256 60 4
256 61 4
256 68 3
256 69 4
256 71 4
256 79 4
256 80 3
256 86 4
256 91 3
256 92 4
256 95 4
256 97 4
256 100 4
256 101 3
256 111 4
256 121 4
256 125 4
256 127 4
256 133 4
256 135 4
256 143 4
256 161 4
256 168 4
256 170 4
256 172 4
256 174 4
256 175 4
256 177 4
256 179 4
256 181 4
256 182 4
256 185 4
256 186 4
256 187 4
256 188 4
256 194 4
256 196 4
256 197 4
256 200 4
256 202 4
256 210 4
256 211 4
256 218 4
256 222 4
256 226 4
256 228 4
256 231 3
256 232 3
256 234 4
256 238 4
256 268 4
256 273 4
256 274 4
256 282 4
256 286 4
256 294 3
256 325 3
256 346 3
256 357 4
256 366 4
256 369 2
256 380 4
256 403 4
256 410 3
256 414 4
256 419 4
256 421 4
256 423 4
256 427 4
256 431 3
256 432 4
256 433 4
256 443 4
256 448 3
256 449 3
256 452 3
256 460 2
256 461 4
256 462 4
256 474 4
256 475 4
256 479 4
256 484 4
256 490 4
256 498 4
256 505 4
256 506 4
256 508 4
256 523 4
256 546 3
256 559 3
256 568 4
256 578 3
256 581 4
256 582 4
256 603 4
256 608 5
256 616 4
256 640 3
256 655 4
256 658 4
256 660 4
256 662 4
256 672 3
256 673 4
256 693 4
256 696 3
256 708 4
256 710 3
256 715 3
256 720 3
256 721 3
256 737 3
256 743 2
256 763 3
256 789 4
256 806 4
256 818 2
256 845 4
256 864 3
256 919 4
256 922 4
256 933 2
256 943 3
256 955 4
256 959 4
256 963 4
256 979 3
256 985 3
257 22 4
257 111 4
257 223 4
257 228 4
257 554 3
257 4 4
257 7 4
257 8 4
257 9 4
257 11 4
257 12 4
257 14 4
257 15 4
257 20 3
257 27 3
257 31 4
257 38 3
257 44 4
257 45 4
257 48 4
257 50 4
257 51 3
257 52 4
257 53 3
257 54 3
257 56 4
257 57 4
257 58 4
257 59 4
257 62 3
257 64 5
257 65 4
257 66 4
257 70 4
257 77 3
257 79 4
257 82 4
257 83 4
257 86 4
257 89 4
257 91 3
257 94 3
257 96 4
257 97 4
257 100 4
257 105 2
257 114 5
257 117 4
257 118 3
257 122 2
257 127 4
257 132 4
257 134 4
257 137 4
257 143 4
257 144 4
257 148 3
257 151 4
257 155 3
257 156 4
257 157 4
257 161 4
257 162 4
257 164 4
257 168 4
257 172 4
257 173 4
257 174 4
257 176 4
257 180 4
257 181 4
257 182 4
257 183 4
257 185 4
257 186 4
257 190 4
257 191 4
257 192 4
257 193 4
257 194 4
257 195 4
257 196 4
257 197 4
257 200 4
257 203 4
257 204 4
257 209 4
257 214 3
257 215 4
257 216 4
257 218 4
257 219 3
257 226 4
257 229 3
257 230 3
257 231 3
257 232 3
257 234 4
257 235 3
257 237 4
257 239 4
257 240 3
257 241 3
257 243 2
257 248 4
257 257 4
257 258 4
257 265 4
257 282 4
257 285 4
257 288 3
257 304 3
257 318 4
257 357 4
257 366 4
257 370 2
257 372 4
257 373 3
257 378 4
257 380 4
257 385 4
257 393 4
257 395 2
257 401 3
257 402 4
257 403 4
257 405 3
257 410 3
257 411 3
257 412 2
257 417 3
257 425 4
257 428 4
257 436 4
257 443 4
257 448 3
257 450 2
257 452 3
257 453 2
257 455 3
257 456 2
257 458 3
257 462 4
257 469 4
257 470 3
257 471 4
257 472 3
257 473 3
257 474 4
257 476 3
257 483 5
257 500 4
257 507 4
257 509 4
257 527 4
257 529 4
257 531 4
257 540 3
257 546 3
257 549 4
257 553 3
257 559 3
257 566 4
257 568 4
257 582 4
257 584 3
257 588 4
257 597 3
257 623 3
257 628 4
257 629 4
257 631 3
257 632 4
257 636 3
257 640 3
257 651 4
257 655 4
257 658 4
257 664 4
257 673 4
257 679 3
257 692 4
257 699 4
257 704 3
257 708 4
257 709 4
257 717 3
257 720 3
257 722 3
257 727 4
257 729 4
257 732 4
257 739 4
257 742 4
257 744 4
257 747 4
257 755 4
257 756 3
257 758 1
257 769 2
257 770 3
257 775 3
257 783 3
257 792 4
257 819 2
257 825 3
257 841 2
257 845 4
257 871 3
257 931 2
257 934 3
257 948 2
257 949 3
257 959 4
257 980 3
258 187 4
258 289 3
258 461 4
258 596 3
258 744 4
258 8 4
258 9 4
258 12 4
258 13 4
258 14 4
258 20 3
258 23 4
258 25 4
258 28 4
258 32 4
258 48 4
258 50 4
258 57 4
258 58 4
258 86 4
258 96 4
258 98 4
258 117 4
258 121 4
258 124 4
258 126 4
258 127 4
258 129 3
258 134 4
258 143 4
258 144 4
258 147 4
258 152 3
258 169 4
258 174 4
258 178 4
258 179 4
258 180 4
258 181 4
258 182 4
258 183 4
258 189 4
258 190 4
258 191 4
258 192 4
258 193 4
258 195 4
258 203 4
258 208 4
258 209 4
258 234 4
258 237 4
258 238 4
258 245 3
258 250 3
258 255 3
258 273 4
258 278 3
258 282 4
258 283 4
258 284 3
258 285 4
258 286 4
258 287 4
258 288 3
258 293 4
258 298 4
258 301 3
258 304 3
258 307 3
258 317 4
258 318 4
258 319 3
258 321 3
258 330 2
258 333 4
258 346 3
258 357 4
258 387 4
258 405 3
258 408 4
258 410 3
258 423 4
258 425 4
258 427 4
258 430 4
258 467 4
258 469 4
258 473 3
258 474 4
258 496 4
258 509 4
258 514 4
258 517 4
258 521 4
258 526 4
258 529 4
258 530 4
258 546 3
258 582 4
258 588 4
258 589 4
258 591 4
258 597 3
258 603 4
258 632 4
258 644 4
258 648 4
258 651 4
258 654 4
258 663 4
258 685 3
258 694 4
258 696 3
258 704 3
258 709 4
258 717 3
258 736 4
258 742 4
258 750 4
258 753 4
258 792 4
258 844 3
258 847 4
258 896 3
258 925 3
258 939 4
258 952 3
258 956 4
258 980 3
259 79 4
259 252 3
259 260 2
259 274 4
259 993 3
259 1 4
259 3 3
259 7 4
259 8 4
259 15 4
259 16 3
259 19 4
259 22 4
259 25 4
259 100 4
259 108 3
259 111 4
259 117 4
259 120 2
259 121 4
259 123 3
259 134 4
259 147 4
259 148 3
259 164 4
259 172 4
259 174 4
259 181 4
259 194 4
259 216 4
259 220 3
259 222 4
259 225 3
259 230 3
259 245 3
259 249 3
259 250 3
259 255 3
259 258 4
259 264 3
259 278 3
259 282 4
259 286 4
259 289 3
259 291 3
259 295 4
259 300 4
259 301 3
259 322 3
259 323 3
259 328 3
259 332 3
259 333 4
259 336 3
259 357 4
259 358 3
259 411 3
259 472 3
259 473 3
259 523 4
259 546 3
259 568 4
259 596 3
259 597 3
259 651 4
259 676 4
259 678 3
259 685 3
259 687 2
259 742 4
259 748 3
259 815 3
259 825 3
259 827 3
259 832 3
259 846 3
259 864 3
259 866 3
259 873 1
259 879 3
259 934 3
259 969 3
259 978 2
259 989 2
260 149 3
260 285 4
260 293 4
260 313 4
260 847 4
260 1 4
260 7 4
260 10 4
260 14 4
260 20 3
260 117 4
260 127 4
260 129 3
260 146 3
260 221 3
260 224 4
260 242 4
260 248 4
260 250 3
260 253 4
260 257 4
260 258 4
260 273 4
260 275 4
260 276 4
260 279 3
260 286 4
260 289 3
260 294 3
260 297 4
260 301 3
260 302 4
260 303 4
260 307 3
260 311 3
260 322 3
260 327 3
260 458 3
260 515 4
260 532 4
260 591 4
260 676 4
260 713 4
260 744 4
261 9 4
261 50 4
261 259 2
261 313 4
261 321 3
261 121 4
261 158 3
261 242 4
261 255 3
261 269 4
261 285 4
261 302 4
261 304 3
261 319 3
261 347 4
261 682 3
262 272 4
262 310 4
262 315 4
262 323 3
262 330 2
262 11 4
262 22 4
262 100 4
262 136 4
262 237 4
262 259 2
262 271 3
262 288 3
262 289 3
262 292 4
262 300 4
262 313 4
262 321 3
262 332 3
262 358 3
262 678 3
262 682 3
262 866 3
262 895 3
263 13 4
263 21 2
263 310 4
263 410 3
263 813 4
263 3 3
263 7 4
263 10 4
263 14 4
263 15 4
263 20 3
263 24 3
263 50 4
263 93 4
263 100 4
263 103 1
263 107 4
263 112 2
263 116 4
263 117 4
263 121 4
263 124 4
263 126 4
263 127 4
263 137 4
263 147 4
263 149 3
263 150 4
263 151 4
263 221 3
263 224 4
263 225 3
263 235 3
263 242 4
263 243 2
263 244 3
263 248 4
263 249 3
263 250 3
263 253 4
263 257 4
263 258 4
263 268 4
263 270 4
263 274 4
263 282 4
263 283 4
263 284 3
263 285 4
263 288 3
263 301 3
263 304 3
263 306 4
263 311 3
263 319 3
263 347 4
263 362 3
263 455 3
263 472 3
263 473 3
263 475 4
263 477 3
263 508 4
263 544 3
263 593 5
263 596 3
263 597 3
263 689 3
263 741 3
263 744 4
263 751 3
263 819 2
263 845 4
263 864 3
263 870 2
263 880 3
263 887 4
263 926 2
263 930 3
263 950 3
263 952 3
263 988 2
263 993 3
264 264 3
264 294 3
264 302 4
264 326 3
264 984 3
264 16 3
264 116 4
264 176 4
264 181 4
264 194 4
264 248 4
264 258 4
264 260 2
264 269 4
264 286 4
264 289 3
264 293 4
264 298 4
264 300 4
264 301 3
264 321 3
264 322 3
264 328 3
264 333 4
264 358 3
264 482 4
264 603 4
264 678 3
264 705 4
264 709 4
264 748 3
264 879 3
265 50 4
265 216 4
265 477 3
265 511 4
265 525 4
265 1 4
265 7 4
265 8 4
265 12 4
265 22 4
265 28 4
265 32 4
265 56 4
265 64 5
265 87 4
265 97 4
265 100 4
265 109 3
265 114 5
265 132 4
265 134 4
265 136 4
265 143 4
265 154 4
265 169 4
265 172 4
265 174 4
265 175 4
265 179 4
265 180 4
265 181 4
265 190 4
265 191 4
265 194 4
265 198 4
265 199 4
265 202 4
265 257 4
265 258 4
265 283 4
265 286 4
265 300 4
265 318 4
265 319 3
265 395 2
265 404 4
265 423 4
265 428 4
265 474 4
265 475 4
265 478 4
265 481 4
265 496 4
265 529 4
265 584 3
265 588 4
265 603 4
265 615 4
265 638 4
265 651 4
265 656 4
265 705 4
265 855 4
266 68 3
266 82 4
266 172 4
266 176 4
266 344 3
266 2 3
266 11 4
266 22 4
266 24 3
266 27 3
266 50 4
266 55 4
266 56 4
266 62 3
266 79 4
266 87 4
266 89 4
266 95 4
266 96 4
266 98 4
266 117 4
266 127 4
266 128 3
266 144 4
266 174 4
266 181 4
266 182 4
266 183 4
266 184 3
266 187 4
266 188 4
266 210 4
266 231 3
266 232 3
266 258 4
266 265 4
266 268 4
266 269 4
266 273 4
266 288 3
266 292 4
266 294 3
266 302 4
266 306 4
266 308 3
266 313 4
266 315 4
266 321 3
266 324 3
266 326 3
266 327 3
266 328 3
266 331 3
266 333 4
266 334 3
266 346 3
266 349 2
266 350 3
266 354 3
266 357 4
266 385 4
266 405 3
266 455 3
266 518 4
266 546 3
266 550 4
266 566 4
266 568 4
266 651 4
266 682 3
266 748 3
266 873 1
266 882 3
266 885 2
266 898 3
266 902 3
266 908 1
266 995 3
267 1 4
267 117 4
267 124 4
267 257 4
267 288 3
267 7 4
267 10 4
267 24 3
267 50 4
267 93 4
267 100 4
267 108 3
267 109 3
267 150 4
267 240 3
267 246 4
267 248 4
267 249 3
267 264 3
267 268 4
267 269 4
267 273 4
267 276 4
267 298 4
267 327 3
267 340 4
267 455 3
267 475 4
267 742 4
267 762 3
267 919 4
268 12 4
268 249 3
268 275 4
268 372 4
268 461 4
268 1 4
268 4 4
268 7 4
268 8 4
268 13 4
268 15 4
268 19 4
268 22 4
268 23 4
268 25 4
268 31 4
268 39 3
268 42 4
268 47 4
268 51 3
268 56 4
268 58 4
268 69 4
268 70 4
268 71 4
268 95 4
268 96 4
268 97 4
268 98 4
268 100 4
268 111 4
268 116 4
268 118 3
268 121 4
268 126 4
268 132 4
268 137 4
268 144 4
268 150 4
268 153 4
268 157 4
268 159 4
268 160 4
268 170 4
268 172 4
268 173 4
268 178 4
268 180 4
268 181 4
268 182 4
268 191 4
268 192 4
268 195 4
268 200 4
268 209 4
268 214 3
268 216 4
268 222 4
268 238 4
268 246 4
268 251 4
268 257 4
268 258 4
268 273 4
268 283 4
268 285 4
268 293 4
268 294 3
268 297 4
268 318 4
268 321 3
268 357 4
268 367 3
268 377 1
268 405 3
268 411 3
268 423 4
268 427 4
268 428 4
268 435 4
268 462 4
268 469 4
268 471 4
268 475 4
268 498 4
268 507 4
268 529 4
268 544 3
268 582 4
268 603 4
268 612 4
268 642 4
268 655 4
268 662 4
268 692 4
268 699 4
268 724 4
268 742 4
268 826 3
268 856 4
268 926 2
268 952 3
269 10 4
269 173 4
269 474 4
269 499 4
269 513 4
269 64 5
269 65 4
269 127 4
269 134 4
269 136 4
269 153 4
269 194 4
269 199 4
269 215 4
269 286 4
269 306 4
269 483 5
269 484 4
269 490 4
269 495 4
269 507 4
269 511 4
269 520 4
269 530 4
269 582 4
269 605 3
269 610 4
269 611 4
269 641 5
269 654 4
269 656 4
269 705 4
269 855 4
269 923 4
270 137 4
270 246 4
270 268 4
270 288 3
270 847 4
270 1 4
270 7 4
270 9 4
270 13 4
270 19 4
270 50 4
270 93 4
270 100 4
270 118 3
270 125 4
270 150 4
270 181 4
270 221 3
270 235 3
270 248 4
270 257 4
270 258 4
270 276 4
270 283 4
270 284 3
270 285 4
270 286 4
270 293 4
270 294 3
270 295 4
270 360 3
270 458 3
270 471 4
270 475 4
270 508 4
270 544 3
270 546 3
270 813 4
270 824 2
270 919 4
270 950 3
270 952 3
271 102 3
271 151 4
271 422 3
271 465 3
271 588 4
271 1 4
271 8 4
271 50 4
271 94 3
271 95 4
271 99 4
271 140 3
271 225 3
271 404 4
271 418 4
271 477 3
271 501 4
271 596 3
271 768 3
271 878 2
271 932 2
271 969 3
272 455 3
272 540 3
272 658 4
272 682 3
272 748 3
272 1 4
272 2 3
272 3 3
272 4 4
272 7 4
272 11 4
272 12 4
272 21 2
272 24 3
272 27 3
272 28 4
272 29 3
272 33 4
272 38 3
272 41 3
272 43 3
272 49 3
272 51 3
272 56 4
272 63 3
272 64 5
272 66 4
272 68 3
272 69 4
272 71 4
272 72 3
272 73 3
272 78 2
272 79 4
272 80 3
272 82 4
272 88 4
272 90 3
272 94 3
272 97 4
272 99 4
272 101 3
272 109 3
272 117 4
272 118 3
272 120 2
272 121 4
272 122 2
272 123 3
272 132 4
272 135 4
272 141 4
272 151 4
272 161 4
272 168 4
272 172 4
272 173 4
272 174 4
272 175 4
272 177 4
272 181 4
272 183 4
272 185 4
272 186 4
272 193 4
272 195 4
272 196 4
272 204 4
272 210 4
272 215 4
272 217 3
272 218 4
272 226 4
272 228 4
272 229 3
272 232 3
272 233 4
272 234 4
272 239 4
272 240 3
272 250 3
272 254 2
272 255 3
272 258 4
272 260 2
272 271 3
272 288 3
272 313 4
272 318 4
272 323 3
272 343 3
272 355 3
272 358 3
272 362 3
272 365 3
272 368 2
272 370 2
272 373 3
272 374 4
272 375 2
272 378 4
272 380 4
272 384 3
272 386 3
272 391 3
272 392 4
272 393 4
272 395 2
272 400 1
272 401 3
272 404 4
272 411 3
272 416 3
272 417 3
272 418 4
272 431 3
272 443 4
272 449 3
272 465 3
272 473 3
272 475 4
272 477 3
272 485 4
272 496 4
272 501 4
272 541 3
272 546 3
272 548 3
272 550 4
272 552 4
272 559 3
272 561 2
272 562 4
272 567 1
272 568 4
272 569 3
272 576 3
272 577 3
272 578 3
272 584 3
272 588 4
272 597 3
272 609 4
272 625 3
272 633 4
272 655 4
272 665 3
272 672 3
272 685 3
272 689 3
272 715 3
272 720 3
272 739 4
272 742 4
272 743 2
272 746 4
272 747 4
272 751 3
272 755 4
272 756 3
272 758 1
272 760 2
272 763 3
272 768 3
272 771 2
272 780 3
272 790 3
272 796 3
272 810 3
272 826 3
272 834 2
272 877 2
272 890 3
272 895 3
272 924 3
272 928 3
272 930 3
272 931 2
272 940 2
272 946 3
272 951 3
272 977 2
273 256 3
273 268 4
273 273 4
273 321 3
273 508 4
273 7 4
273 9 4
273 10 4
273 14 4
273 25 4
273 116 4
273 124 4
273 129 3
273 137 4
273 242 4
273 257 4
273 275 4
273 276 4
273 293 4
273 302 4
273 303 4
273 319 3
273 327 3
273 547 3
273 813 4
274 199 4
274 209 4
274 286 4
274 510 4
274 617 4
274 7 4
274 8 4
274 11 4
274 12 4
274 13 4
274 14 4
274 15 4
274 22 4
274 23 4
274 26 4
274 42 4
274 44 4
274 45 4
274 48 4
274 50 4
274 52 4
274 58 4
274 60 4
274 61 4
274 64 5
274 66 4
274 68 3
274 69 4
274 70 4
274 71 4
274 72 3
274 73 3
274 76 4
274 77 3
274 79 4
274 83 4
274 86 4
274 87 4
274 88 4
274 89 4
274 92 4
274 97 4
274 98 4
274 99 4
274 100 4
274 107 4
274 116 4
274 117 4
274 121 4
274 131 4
274 132 4
274 134 4
274 135 4
274 136 4
274 141 4
274 150 4
274 161 4
274 168 4
274 170 4
274 171 4
274 172 4
274 173 4
274 175 4
274 176 4
274 178 4
274 179 4
274 180 4
274 181 4
274 182 4
274 183 4
274 191 4
274 192 4
274 193 4
274 194 4
274 195 4
274 196 4
274 198 4
274 203 4
274 205 4
274 207 4
274 208 4
274 210 4
274 211 4
274 212 3
274 215 4
274 216 4
274 218 4
274 221 3
274 227 3
274 230 3
274 234 4
274 237 4
274 238 4
274 244 3
274 248 4
274 252 3
274 257 4
274 258 4
274 265 4
274 274 4
274 275 4
274 276 4
274 282 4
274 283 4
274 285 4
274 288 3
274 289 3
274 291 3
274 293 4
274 298 4
274 302 4
274 313 4
274 315 4
274 316 4
274 317 4
274 322 3
274 326 3
274 346 3
274 356 4
274 380 4
274 382 4
274 385 4
274 410 3
274 414 4
274 416 3
274 418 4
274 419 4
274 430 4
274 434 4
274 435 4
274 436 4
274 461 4
274 462 4
274 463 4
274 470 3
274 474 4
274 475 4
274 478 4
274 480 4
274 481 4
274 483 5
274 484 4
274 486 4
274 488 4
274 489 4
274 490 4
274 491 4
274 493 5
274 495 4
274 496 4
274 497 4
274 498 4
274 499 4
274 503 3
274 506 4
274 507 4
274 508 4
274 511 4
274 513 4
274 514 4
274 517 4
274 518 4
274 519 4
274 520 4
274 521 4
274 525 4
274 526 4
274 527 4
274 528 4
274 529 4
274 530 4
274 553 3
274 566 4
274 584 3
274 591 4
274 601 4
274 602 4
274 603 4
274 604 4
274 605 3
274 607 3
274 610 4
274 614 4
274 615 4
274 618 4
274 628 4
274 633 4
274 641 5
274 642 4
274 646 4
274 648 4
274 649 4
274 651 4
274 653 4
274 657 4
274 659 4
274 660 4
274 661 4
274 664 4
274 676 4
274 684 4
274 685 3
274 692 4
274 696 3
274 697 4
274 699 4
274 705 4
274 707 4
274 708 4
274 709 4
274 735 4
274 736 4
274 744 4
274 756 3
274 789 4
274 792 4
274 836 4
274 848 5
274 921 4
274 923 4
274 939 4
274 943 3
274 945 4
274 963 4
274 966 4
274 971 4
274 996 2
275 50 4
275 315 4
275 316 4
275 347 4
275 902 3
275 70 4
275 100 4
275 127 4
275 259 2
275 286 4
275 313 4
275 381 4
276 42 4
276 85 4
276 194 4
276 208 4
276 585 4
276 4 4
276 26 4
276 33 4
276 56 4
276 63 3
276 67 3
276 72 3
276 73 3
276 80 3
276 83 4
276 88 4
276 168 4
276 173 4
276 175 4
276 186 4
276 202 4
276 204 4
276 209 4
276 211 4
276 216 4
276 232 3
276 238 4
276 239 4
276 288 3
276 294 3
276 300 4
276 328 3
276 343 3
276 367 3
276 386 3
276 435 4
276 579 4
276 648 4
276 655 4
276 692 4
276 710 3
276 712 3
276 715 3
276 734 2
276 738 3
276 748 3
276 765 3
276 781 4
276 790 3
276 792 4
276 890 3
276 944 3
276 999 4
277 15 4
277 280 3
277 724 4
277 778 4
277 815 3
277 20 3
277 25 4
277 36 3
277 49 3
277 88 4
277 90 3
277 237 4
277 255 3
277 282 4
277 289 3
277 294 3
277 369 2
277 553 3
277 709 4
277 722 3
277 731 3
277 732 4
277 756 3
277 781 4
277 846 3
278 41 3
278 137 4
278 168 4
278 496 4
278 739 4
278 1 4
278 7 4
278 17 3
278 23 4
278 26 4
278 28 4
278 40 3
278 42 4
278 48 4
278 50 4
278 65 4
278 69 4
278 72 3
278 77 3
278 79 4
278 81 4
278 93 4
278 98 4
278 111 4
278 122 2
278 134 4
278 143 4
278 145 2
278 151 4
278 160 4
278 161 4
278 188 4
278 196 4
278 216 4
278 218 4
278 219 3
278 222 4
278 231 3
278 237 4
278 238 4
278 255 3
278 276 4
278 282 4
278 288 3
278 300 4
278 318 4
278 327 3
278 340 4
278 350 3
278 354 3
278 357 4
278 367 3
278 369 2
278 381 4
278 392 4
278 403 4
278 410 3
278 412 2
278 427 4
278 447 4
278 451 4
278 467 4
278 469 4
278 518 4
278 568 4
278 591 4
278 604 4
278 616 4
278 655 4
278 658 4
278 673 4
278 684 4
278 743 2
278 763 3
278 843 4
278 866 3
278 959 4
278 975 3
279 226 4
279 283 4
279 318 4
279 324 3
279 500 4
279 1 4
279 8 4
279 24 3
279 28 4
279 31 4
279 50 4
279 54 3
279 55 4
279 58 4
279 66 4
279 70 4
279 71 4
279 79 4
279 82 4
279 88 4
279 89 4
279 95 4
279 96 4
279 97 4
279 100 4
279 101 3
279 108 3
279 111 4
279 117 4
279 118 3
279 121 4
279 122 2
279 127 4
279 133 4
279 135 4
279 144 4
279 147 4
279 148 3
279 153 4
279 161 4
279 164 4
279 168 4
279 172 4
279 173 4
279 174 4
279 175 4
279 176 4
279 177 4
279 179 4
279 180 4
279 181 4
279 182 4
279 183 4
279 185 4
279 187 4
279 188 4
279 189 4
279 190 4
279 195 4
279 197 4
279 198 4
279 201 3
279 204 4
279 209 4
279 210 4
279 211 4
279 213 4
279 215 4
279 216 4
279 228 4
279 230 3
279 241 3
279 248 4
279 249 3
279 255 3
279 257 4
279 258 4
279 261 2
279 264 3
279 265 4
279 266 3
279 270 4
279 272 4
279 274 4
279 281 3
279 282 4
279 286 4
279 288 3
279 294 3
279 295 4
279 298 4
279 300 4
279 304 3
279 325 3
279 328 3
279 356 4
279 358 3
279 380 4
279 385 4
279 398 2
279 405 3
279 421 4
279 422 3
279 423 4
279 436 4
279 455 3
279 463 4
279 472 3
279 479 4
279 483 5
279 489 4
279 510 4
279 511 4
279 523 4
279 526 4
279 528 4
279 535 3
279 546 3
279 566 4
279 588 4
279 602 4
279 604 4
279 616 4
279 629 4
279 632 4
279 640 3
279 651 4
279 655 4
279 680 3
279 688 2
279 692 4
279 727 4
279 732 4
279 739 4
279 748 3
279 751 3
279 752 3
279 840 2
279 879 3
279 931 2
279 945 4
280 166 4
280 203 4
280 209 4
280 294 3
280 319 3
280 8 4
280 12 4
280 64 5
280 89 4
280 96 4
280 100 4
280 114 5
280 127 4
280 165 4
280 172 4
280 174 4
280 175 4
280 183 4
280 190 4
280 191 4
280 213 4
280 234 4
280 237 4
280 257 4
280 258 4
280 265 4
280 272 4
280 298 4
280 347 4
280 462 4
280 479 4
280 483 5
280 504 4
280 510 4
280 511 4
280 517 4
280 603 4
280 615 4
280 642 4
280 661 4
280 705 4
280 863 4
281 98 4
281 238 4
281 435 4
281 514 4
281 596 3
281 4 4
281 42 4
281 50 4
281 66 4
281 70 4
281 86 4
281 100 4
281 153 4
281 163 4
281 173 4
281 190 4
281 197 4
281 204 4
281 207 4
281 210 4
281 216 4
281 283 4
281 313 4
281 318 4
281 322 3
281 367 3
281 427 4
281 430 4
281 479 4
281 484 4
281 505 4
281 507 4
281 524 4
281 648 4
281 650 4
281 659 4
281 678 3
281 692 4
281 780 3
282 50 4
282 289 3
282 301 3
282 321 3
282 748 3
282 127 4
282 257 4
282 269 4
282 288 3
282 295 4
282 298 4
282 311 3
282 315 4
282 346 3
282 876 2
282 881 2
282 988 2
283 144 4
283 181 4
283 237 4
283 249 3
283 432 4
283 1 4
283 12 4
283 20 3
283 99 4
283 107 4
283 109 3
283 116 4
283 121 4
283 151 4
283 180 4
283 195 4
283 197 4
283 199 4
283 229 3
283 230 3
283 250 3
283 257 4
283 270 4
283 271 3
283 274 4
283 275 4
283 277 3
283 286 4
283 290 3
283 313 4
283 318 4
283 365 3
283 380 4
283 405 3
283 449 3
283 450 2
283 462 4
283 480 4
283 538 3
283 582 4
283 612 4
283 743 2
283 900 4
284 228 4
284 230 3
284 239 4
284 265 4
284 755 4
284 1 4
284 7 4
284 9 4
284 15 4
284 24 3
284 25 4
284 28 4
284 29 3
284 50 4
284 51 3
284 53 3
284 56 4
284 69 4
284 70 4
284 71 4
284 73 3
284 79 4
284 82 4
284 94 3
284 96 4
284 97 4
284 98 4
284 111 4
284 122 2
284 135 4
284 136 4
284 141 4
284 143 4
284 144 4
284 150 4
284 151 4
284 168 4
284 173 4
284 174 4
284 181 4
284 195 4
284 202 4
284 204 4
284 216 4
284 222 4
284 227 3
284 229 3
284 234 4
284 235 3
284 237 4
284 248 4
284 250 3
284 252 3
284 255 3
284 257 4
284 258 4
284 274 4
284 275 4
284 293 4
284 294 3
284 300 4
284 313 4
284 315 4
284 318 4
284 343 3
284 385 4
284 392 4
284 399 3
284 405 3
284 419 4
284 422 3
284 427 4
284 431 3
284 449 3
284 451 4
284 463 4
284 472 3
284 510 4
284 550 4
284 554 3
284 560 3
284 562 4
284 568 4
284 578 3
284 588 4
284 597 3
284 625 3
284 651 4
284 655 4
284 665 3
284 679 3
284 692 4
284 699 4
284 746 4
284 778 4
284 823 3
284 829 3
284 849 2
284 879 3
284 924 3
284 926 2
285 245 3
285 294 3
285 328 3
285 341 2
285 538 3
285 288 3
285 289 3
285 303 4
285 307 3
285 313 4
285 319 3
285 321 3
285 326 3
285 330 2
285 347 4
285 748 3
286 6 4
286 20 3
286 117 4
286 336 3
286 845 4
286 1 4
286 3 3
286 7 4
286 10 4
286 13 4
286 14 4
286 15 4
286 93 4
286 109 3
286 111 4
286 121 4
286 123 3
286 124 4
286 125 4
286 127 4
286 129 3
286 137 4
286 146 3
286 147 4
286 150 4
286 151 4
286 181 4
286 220 3
286 221 3
286 235 3
286 236 3
286 237 4
286 245 3
286 248 4
286 250 3
286 255 3
286 257 4
286 258 4
286 262 3
286 264 3
286 270 4
286 273 4
286 275 4
286 276 4
286 277 3
286 280 3
286 282 4
286 284 3
286 285 4
286 286 4
286 287 4
286 295 4
286 298 4
286 299 3
286 300 4
286 305 4
286 319 3
286 321 3
286 322 3
286 327 3
286 331 3
286 332 3
286 333 4
286 460 2
286 471 4
286 475 4
286 476 3
286 508 4
286 591 4
286 595 3
286 597 3
286 620 3
286 628 4
286 678 3
286 689 3
286 690 3
286 696 3
286 717 3
286 718 4
286 742 4
286 748 3
286 762 3
286 766 3
286 818 2
286 823 3
286 846 3
286 864 3
286 872 2
286 874 3
286 879 3
286 880 3
286 882 3
286 886 4
286 887 4
286 924 3
286 935 3
286 936 5
286 975 3
286 994 2
286 995 3
287 56 4
287 403 4
287 404 4
287 419 4
287 586 3
287 1 4
287 2 3
287 3 3
287 4 4
287 12 4
287 17 3
287 25 4
287 28 4
287 31 4
287 38 3
287 42 4
287 43 3
287 45 4
287 48 4
287 49 3
287 50 4
287 55 4
287 58 4
287 66 4
287 68 3
287 69 4
287 71 4
287 73 3
287 76 4
287 77 3
287 79 4
287 81 4
287 82 4
287 87 4
287 88 4
287 92 4
287 95 4
287 96 4
287 97 4
287 99 4
287 100 4
287 111 4
287 117 4
287 121 4
287 125 4
287 128 3
287 133 4
287 136 4
287 140 3
287 143 4
287 144 4
287 150 4
287 160 4
287 161 4
287 172 4
287 174 4
287 176 4
287 179 4
287 181 4
287 183 4
287 188 4
287 191 4
287 194 4
287 195 4
287 196 4
287 202 4
287 206 3
287 215 4
287 216 4
287 218 4
287 222 4
287 226 4
287 227 3
287 230 3
287 232 3
287 237 4
287 239 4
287 249 3
287 252 3
287 255 3
287 257 4
287 258 4
287 259 2
287 260 2
287 265 4
287 270 4
287 272 4
287 273 4
287 276 4
287 280 3
287 282 4
287 286 4
287 288 3
287 289 3
287 293 4
287 294 3
287 298 4
287 300 4
287 318 4
287 333 4
287 347 4
287 356 4
287 366 4
287 367 3
287 378 4
287 402 4
287 411 3
287 412 2
287 423 4
287 432 4
287 455 3
287 462 4
287 470 3
287 471 4
287 474 4
287 501 4
287 540 3
287 541 3
287 546 3
287 549 4
287 550 4
287 566 4
287 572 3
287 578 3
287 588 4
287 591 4
287 596 3
287 597 3
287 620 3
287 627 3
287 628 4
287 651 4
287 652 4
287 658 4
287 672 3
287 679 3
287 684 4
287 685 3
287 686 4
287 692 4
287 710 3
287 713 4
287 727 4
287 732 4
287 735 4
287 739 4
287 742 4
287 747 4
287 748 3
287 768 3
287 772 3
287 779 3
287 781 4
287 790 3
287 794 3
287 820 2
287 823 3
287 833 3
287 845 4
287 921 4
287 932 2
287 939 4
287 941 3
287 955 4
287 956 4
287 978 2
288 50 4
288 100 4
288 187 4
288 259 2
288 483 5
288 1 4
288 8 4
288 9 4
288 11 4
288 22 4
288 28 4
288 33 4
288 58 4
288 64 5
288 69 4
288 70 4
288 83 4
288 87 4
288 96 4
288 98 4
288 111 4
288 133 4
288 135 4
288 154 4
288 164 4
288 168 4
288 172 4
288 173 4
288 176 4
288 180 4
288 181 4
288 182 4
288 183 4
288 185 4
288 186 4
288 190 4
288 196 4
288 198 4
288 199 4
288 200 4
288 203 4
288 207 4
288 208 4
288 210 4
288 211 4
288 222 4
288 228 4
288 230 3
288 238 4
288 243 2
288 245 3
288 258 4
288 260 2
288 265 4
288 269 4
288 289 3
288 292 4
288 299 3
288 304 3
288 318 4
288 328 3
288 333 4
288 357 4
288 358 3
288 385 4
288 405 3
288 414 4
288 419 4
288 429 4
288 434 4
288 468 4
288 474 4
288 480 4
288 485 4
288 491 4
288 493 5
288 496 4
288 498 4
288 500 4
288 510 4
288 511 4
288 514 4
288 515 4
288 520 4
288 521 4
288 523 4
288 526 4
288 527 4
288 568 4
288 605 3
288 612 4
288 655 4
288 659 4
288 662 4
288 692 4
288 707 4
288 724 4
288 732 4
288 748 3
288 776 2
288 845 4
288 880 3
288 890 3
289 304 3
289 319 3
289 680 3
289 748 3
289 878 2
289 243 2
289 258 4
289 259 2
289 260 2
289 261 2
289 263 2
289 264 3
289 266 3
289 268 4
289 270 4
289 271 3
289 272 4
289 286 4
289 288 3
289 289 3
289 292 4
289 294 3
289 301 3
289 302 4
289 303 4
289 308 3
289 310 4
289 313 4
289 315 4
289 316 4
289 321 3
289 324 3
289 325 3
289 326 3
289 327 3
289 330 2
289 331 3
289 332 3
289 333 4
289 334 3
289 339 3
289 340 4
289 342 3
289 343 3
289 349 2
289 353 3
289 355 3
289 358 3
289 457 1
289 538 3
289 539 2
289 678 3
289 681 3
289 682 3
289 687 2
289 689 3
289 750 4
289 751 3
289 752 3
289 872 2
289 873 1
289 874 3
289 875 3
289 881 2
289 883 3
289 887 4
289 890 3
289 892 3
289 902 3
289 908 1
289 948 2
289 988 2
289 989 2
289 991 2
290 123 3
290 137 4
290 455 3
290 473 3
290 741 3
290 1 4
290 7 4
290 9 4
290 15 4
290 50 4
290 93 4
290 117 4
290 124 4
290 126 4
290 127 4
290 150 4
290 151 4
290 181 4
290 224 4
290 237 4
290 246 4
290 257 4
290 258 4
290 273 4
290 277 3
290 284 3
290 286 4
290 292 4
290 293 4
290 298 4
290 302 4
290 333 4
290 410 3
290 475 4
290 515 4
290 596 3
290 764 3
290 847 4
290 919 4
290 926 2
290 993 3
291 190 4
291 284 3
291 285 4
291 319 3
291 696 3
291 7 4
291 19 4
291 45 4
291 100 4
291 124 4
291 129 3
291 236 3
291 237 4
291 258 4
291 273 4
291 286 4
291 340 4
291 475 4
291 657 4
291 900 4
292 86 4
292 131 4
292 212 3
292 291 3
292 528 4
292 45 4
292 56 4
292 64 5
292 69 4
292 83 4
292 97 4
292 100 4
292 124 4
292 127 4
292 134 4
292 137 4
292 185 4
292 186 4
292 187 4
292 192 4
292 193 4
292 205 4
292 221 3
292 242 4
292 285 4
292 286 4
292 318 4
292 479 4
292 482 4
292 483 5
292 492 4
292 511 4
292 523 4
292 527 4
292 531 4
292 654 4
292 657 4
292 772 3
292 923 4
293 151 4
293 154 4
293 404 4
293 410 3
293 879 3
293 1 4
293 7 4
293 11 4
293 12 4
293 22 4
293 24 3
293 48 4
293 50 4
293 56 4
293 59 4
293 60 4
293 61 4
293 65 4
293 69 4
293 71 4
293 79 4
293 82 4
293 91 3
293 95 4
293 96 4
293 98 4
293 100 4
293 115 4
293 117 4
293 118 3
293 121 4
293 124 4
293 127 4
293 150 4
293 156 4
293 168 4
293 171 4
293 172 4
293 173 4
293 174 4
293 175 4
293 176 4
293 180 4
293 181 4
293 182 4
293 183 4
293 188 4
293 191 4
293 192 4
293 195 4
293 196 4
293 201 3
293 209 4
293 210 4
293 222 4
293 234 4
293 235 3
293 238 4
293 239 4
293 250 3
293 252 3
293 257 4
293 258 4
293 260 2
293 264 3
293 265 4
293 271 3
293 273 4
293 275 4
293 284 3
293 288 3
293 298 4
293 300 4
293 318 4
293 323 3
293 327 3
293 328 3
293 343 3
293 357 4
293 369 2
293 405 3
293 411 3
293 423 4
293 431 3
293 455 3
293 462 4
293 475 4
293 483 5
293 527 4
293 528 4
293 546 3
293 550 4
293 597 3
293 647 4
293 652 4
293 684 4
293 687 2
293 693 4
293 742 4
293 746 4
293 751 3
293 754 4
293 762 3
293 763 3
293 876 2
293 886 4
293 890 3
293 925 3
294 50 4
294 107 4
294 121 4
294 199 4
294 427 4
294 1 4
294 9 4
294 15 4
294 64 5
294 65 4
294 86 4
294 98 4
294 100 4
294 126 4
294 174 4
294 183 4
294 191 4
294 194 4
294 222 4
294 237 4
294 286 4
294 289 3
294 294 3
294 322 3
294 357 4
294 479 4
294 507 4
294 528 4
294 748 3
294 924 3
295 121 4
295 143 4
295 151 4
295 204 4
295 451 4
295 2 3
295 4 4
295 11 4
295 29 3
295 44 4
295 50 4
295 53 3
295 54 3
295 56 4
295 62 3
295 64 5
295 68 3
295 69 4
295 71 4
295 79 4
295 84 4
295 86 4
295 88 4
295 89 4
295 90 3
295 91 3
295 94 3
295 95 4
295 98 4
295 101 3
295 109 3
295 120 2
295 127 4
295 132 4
295 133 4
295 139 3
295 140 3
295 144 4
295 145 2
295 147 4
295 153 4
295 155 3
295 157 4
295 158 3
295 161 4
295 162 4
295 163 4
295 167 3
295 168 4
295 172 4
295 173 4
295 174 4
295 176 4
295 179 4
295 181 4
295 184 3
295 186 4
295 188 4
295 191 4
295 195 4
295 200 4
295 201 3
295 202 4
295 214 3
295 216 4
295 217 3
295 219 3
295 222 4
295 226 4
295 227 3
295 228 4
295 229 3
295 230 3
295 231 3
295 232 3
295 234 4
295 235 3
295 265 4
295 282 4
295 288 3
295 357 4
295 379 3
295 380 4
295 385 4
295 386 3
295 389 3
295 391 3
295 392 4
295 395 2
295 402 4
295 403 4
295 404 4
295 413 2
295 416 3
295 417 3
295 421 4
295 423 4
295 431 3
295 433 4
295 435 4
295 444 3
295 447 4
295 449 3
295 452 3
295 465 3
295 470 3
295 472 3
295 478 4
295 479 4
295 496 4
295 501 4
295 504 4
295 505 4
295 507 4
295 523 4
295 550 4
295 559 3
295 566 4
295 575 3
295 581 4
295 616 4
295 622 4
295 629 4
295 642 4
295 650 4
295 658 4
295 660 4
295 665 3
295 671 4
295 674 3
295 679 3
295 684 4
295 705 4
295 732 4
295 742 4
295 768 3
295 770 3
295 790 3
295 796 3
295 797 3
295 831 2
295 843 4
295 924 3
295 944 3
296 11 4
296 89 4
296 191 4
296 432 4
296 659 4
296 7 4
296 10 4
296 17 3
296 33 4
296 38 3
296 39 3
296 42 4
296 50 4
296 53 3
296 56 4
296 64 5
296 77 3
296 87 4
296 96 4
296 97 4
296 98 4
296 99 4
296 109 3
296 132 4
296 133 4
296 135 4
296 136 4
296 141 4
296 142 3
296 143 4
296 147 4
296 150 4
296 154 4
296 156 4
296 158 3
296 164 4
296 172 4
296 173 4
296 181 4
296 183 4
296 186 4
296 204 4
296 222 4
296 227 3
296 228 4
296 229 3
296 246 4
296 268 4
296 288 3
296 318 4
296 356 4
296 378 4
296 380 4
296 393 4
296 417 3
296 418 4
296 420 4
296 421 4
296 433 4
296 469 4
296 480 4
296 484 4
296 485 4
296 509 4
296 526 4
296 528 4
296 532 4
296 554 3
296 561 2
296 607 3
296 625 3
296 633 4
296 727 4
296 743 2
296 746 4
296 774 2
296 825 3
296 921 4
297 82 4
297 298 4
297 420 4
297 720 3
297 746 4
297 1 4
297 2 3
297 3 3
297 11 4
297 12 4
297 13 4
297 19 4
297 24 3
297 25 4
297 28 4
297 31 4
297 38 3
297 39 3
297 54 3
297 56 4
297 66 4
297 67 3
297 70 4
297 71 4
297 72 3
297 77 3
297 79 4
297 80 3
297 87 4
297 89 4
297 94 3
297 95 4
297 96 4
297 97 4
297 98 4
297 99 4
297 100 4
297 101 3
297 105 2
297 108 3
297 109 3
297 114 5
297 118 3
297 122 2
297 127 4
297 139 3
297 145 2
297 152 3
297 153 4
297 155 3
297 161 4
297 163 4
297 164 4
297 167 3
297 168 4
297 173 4
297 174 4
297 175 4
297 181 4
297 183 4
297 185 4
297 186 4
297 187 4
297 188 4
297 189 4
297 194 4
297 195 4
297 197 4
297 202 4
297 204 4
297 208 4
297 217 3
297 222 4
297 225 3
297 227 3
297 228 4
297 229 3
297 230 3
297 233 4
297 234 4
297 240 3
297 242 4
297 248 4
297 250 3
297 252 3
297 257 4
297 258 4
297 260 2
297 268 4
297 273 4
297 274 4
297 288 3
297 291 3
297 325 3
297 358 3
297 363 3
297 364 2
297 373 3
297 381 4
297 382 4
297 384 3
297 385 4
297 386 3
297 393 4
297 395 2
297 399 3
297 403 4
297 405 3
297 407 2
297 408 4
297 412 2
297 418 4
297 423 4
297 431 3
297 432 4
297 451 4
297 452 3
297 455 3
297 465 3
297 472 3
297 475 4
297 501 4
297 508 4
297 510 4
297 526 4
297 540 3
297 545 2
297 549 4
297 550 4
297 552 4
297 559 3
297 562 4
297 566 4
297 568 4
297 570 4
297 575 3
297 577 3
297 578 3
297 588 4
297 590 1
297 597 3
297 603 4
297 625 3
297 627 3
297 645 4
297 651 4
297 652 4
297 655 4
297 657 4
297 679 3
297 692 4
297 716 4
297 721 3
297 722 3
297 724 4
297 731 3
297 741 3
297 748 3
297 758 1
297 765 3
297 771 2
297 780 3
297 781 4
297 783 3
297 790 3
297 792 4
297 797 3
297 802 3
297 808 3
297 809 3
297 810 3
297 840 2
297 849 2
297 864 3
297 940 2
297 943 3
297 1000 3
298 212 3
298 514 4
298 538 3
298 591 4
298 603 4
298 10 4
298 11 4
298 12 4
298 23 4
298 32 4
298 50 4
298 53 3
298 54 3
298 56 4
298 59 4
298 61 4
298 79 4
298 83 4
298 89 4
298 98 4
298 121 4
298 124 4
298 127 4
298 136 4
298 137 4
298 144 4
298 150 4
298 151 4
298 156 4
298 160 4
298 164 4
298 168 4
298 171 4
298 172 4
298 175 4
298 176 4
298 182 4
298 183 4
298 186 4
298 187 4
298 191 4
298 192 4
298 197 4
298 202 4
298 203 4
298 204 4
298 210 4
298 218 4
298 222 4
298 228 4
298 229 3
298 258 4
298 262 3
298 271 3
298 275 4
298 288 3
298 293 4
298 302 4
298 340 4
298 381 4
298 425 4
298 435 4
298 443 4
298 447 4
298 448 3
298 449 3
298 464 5
298 474 4
298 475 4
298 483 5
298 484 4
298 486 4
298 489 4
298 512 4
298 515 4
298 522 4
298 525 4
298 548 3
298 554 3
298 558 4
298 594 3
298 607 3
298 628 4
298 631 3
298 649 4
298 652 4
298 656 4
298 664 4
298 675 4
298 693 4
298 754 4
298 772 3
298 806 4
298 887 4
298 919 4
298 922 4
298 933 2
298 985 3
299 127 4
299 136 4
299 307 3
299 347 4
299 664 4
299 7 4
299 8 4
299 11 4
299 12 4
299 50 4
299 69 4
299 87 4
299 97 4
299 117 4
299 132 4
299 153 4
299 157 4
299 176 4
299 177 4
299 181 4
299 182 4
299 183 4
299 191 4
299 193 4
299 194 4
299 198 4
299 202 4
299 207 4
299 210 4
299 213 4
299 215 4
299 238 4
299 251 4
299 271 3
299 272 4
299 275 4
299 295 4
299 300 4
299 301 3
299 312 3
299 313 4
299 318 4
299 326 3
299 357 4
299 414 4
299 425 4
299 427 4
299 463 4
299 474 4
299 482 4
299 483 5
299 484 4
299 486 4
299 497 4
299 511 4
299 514 4
299 516 4
299 520 4
299 521 4
299 530 4
299 539 2
299 605 3
299 651 4
299 657 4
299 661 4
299 663 4
299 690 3
299 692 4
299 742 4
299 750 4
299 879 3
299 886 4
299 887 4
299 902 3
300 111 4
300 202 4
300 237 4
300 258 4
300 708 4
300 1 4
300 3 3
300 8 4
300 9 4
300 15 4
300 25 4
300 28 4
300 30 4
300 39 3
300 42 4
300 43 3
300 44 4
300 45 4
300 50 4
300 56 4
300 58 4
300 59 4
300 61 4
300 62 3
300 69 4
300 70 4
300 72 3
300 77 3
300 83 4
300 88 4
300 89 4
300 94 3
300 97 4
300 98 4
300 100 4
300 116 4
300 118 3
300 120 2
300 125 4
300 129 3
300 133 4
300 135 4
300 143 4
300 147 4
300 159 4
300 164 4
300 172 4
300 175 4
300 179 4
300 181 4
300 196 4
300 204 4
300 208 4
300 210 4
300 211 4
300 216 4
300 217 3
300 223 4
300 234 4
300 235 3
300 238 4
300 244 3
300 245 3
300 246 4
300 250 3
300 252 3
300 255 3
300 257 4
300 268 4
300 274 4
300 275 4
300 276 4
300 281 3
300 282 4
300 283 4
300 284 3
300 285 4
300 287 4
300 294 3
300 298 4
300 300 4
300 301 3
300 304 3
300 316 4
300 319 3
300 325 3
300 381 4
300 386 3
300 387 4
300 393 4
300 396 3
300 405 3
300 407 2
300 412 2
300 421 4
300 448 3
300 464 5
300 469 4
300 471 4
300 472 3
300 475 4
300 476 3
300 479 4
300 498 4
300 509 4
300 514 4
300 517 4
300 522 4
300 529 4
300 531 4
300 535 3
300 553 3
300 559 3
300 568 4
300 569 3
300 584 3
300 611 4
300 619 4
300 639 4
300 640 3
300 660 4
300 662 4
300 665 3
300 699 4
300 709 4
300 714 4
300 721 3
300 729 4
300 735 4
300 739 4
300 742 4
300 762 3
300 768 3
300 775 3
300 780 3
300 781 4
300 815 3
300 821 3
300 827 3
300 836 4
300 845 4
300 930 3
300 964 4
300 971 4
300 988 2
300 996 2
