201 237 4
201 306 5
201 361 4
201 475 2
201 934 5
201 1 3
201 111 3
201 268 1
201 283 1
201 291 5
201 305 3
201 331 5
201 740 4
202 288 4
202 294 3
202 330 5
202 358 3
202 876 3
202 259 3
202 292 3
202 682 5
202 872 2
202 877 4
202 880 4
202 887 5
202 895 4
202 948 2
203 127 4
203 240 2
203 258 4
203 288 4
203 477 5
203 7 4
203 9 3
203 100 3
203 106 4
203 111 3
203 117 4
203 118 4
203 121 4
203 123 3
203 129 4
203 148 5
203 181 5
203 222 5
203 235 4
203 274 3
203 276 3
203 284 4
203 291 4
203 370 5
203 410 3
203 471 4
203 472 3
203 515 3
203 546 4
203 597 4
203 685 4
203 748 4
203 845 4
203 864 5
203 866 5
203 925 5
203 928 4
204 294 4
204 302 3
204 328 4
204 332 4
204 739 3
204 22 4
204 66 4
204 243 5
204 245 4
204 258 4
204 259 4
204 269 3
204 270 3
204 289 4
204 300 5
204 307 4
204 310 4
204 313 4
204 323 4
204 327 3
204 331 5
204 333 3
204 342 4
204 343 4
204 348 4
204 678 4
204 683 4
204 687 4
204 689 5
204 690 3
204 748 4
204 754 5
204 879 5
204 892 3
204 901 5
205 143 3
205 171 1
205 201 3
205 432 3
205 554 5
205 2 3
205 5 3
205 8 4
205 11 4
205 12 2
205 22 3
205 23 1
205 28 4
205 29 3
205 30 1
205 31 4
205 32 2
205 33 2
205 37 3
205 38 3
205 39 2
205 40 2
205 41 3
205 42 2
205 43 4
205 45 1
205 47 2
205 48 4
205 49 3
205 50 3
205 51 2
205 52 1
205 53 3
205 55 3
205 56 2
205 57 1
205 58 3
205 60 1
205 61 1
205 62 4
205 63 4
205 64 3
205 66 3
205 67 4
205 68 4
205 70 3
205 71 4
205 72 4
205 73 4
205 75 1
205 76 3
205 77 3
205 78 4
205 80 4
205 81 2
205 82 4
205 83 5
205 85 2
205 87 3
205 88 5
205 90 3
205 91 3
205 92 2
205 94 3
205 96 4
205 97 4
205 98 3
205 101 4
205 102 3
205 127 2
205 132 3
205 135 2
205 139 4
205 141 4
205 142 5
205 149 2
205 161 3
205 168 3
205 169 3
205 172 4
205 173 4
205 175 2
205 178 2
205 179 1
205 180 2
205 183 4
205 184 3
205 185 2
205 186 4
205 188 3
205 189 3
205 190 2
205 191 4
205 192 1
205 193 3
205 195 4
205 197 2
205 198 2
205 199 3
205 200 3
205 202 4
205 204 4
205 206 2
205 207 2
205 208 3
205 210 4
205 211 3
205 212 1
205 214 2
205 215 4
205 216 4
205 217 3
205 218 3
205 219 3
205 226 3
205 227 4
205 228 4
205 229 4
205 230 3
205 231 4
205 232 4
205 233 4
205 234 3
205 238 2
205 239 4
205 265 3
205 288 4
205 302 2
205 308 3
205 317 2
205 318 4
205 347 2
205 350 3
205 351 3
205 356 4
205 361 4
205 364 5
205 365 4
205 366 1
205 367 3
205 371 3
205 374 1
205 376 4
205 377 4
205 379 2
205 383 4
205 384 5
205 386 3
205 387 3
205 388 5
205 391 3
205 393 4
205 395 4
205 396 2
205 397 2
205 399 4
205 400 4
205 402 3
205 403 4
205 404 4
205 414 1
205 415 3
205 416 2
205 417 2
205 419 5
205 420 1
205 421 3
205 422 2
205 423 4
205 426 2
205 427 2
205 430 3
205 431 4
205 433 2
205 434 3
205 437 3
205 438 3
205 439 3
205 440 3
205 441 4
205 442 3
205 444 3
205 446 1
205 447 2
205 448 3
205 449 4
205 450 5
205 451 4
205 452 3
205 453 3
205 461 1
205 462 2
205 463 1
205 464 1
205 465 4
205 467 2
205 469 4
205 470 3
205 480 2
205 482 3
205 501 3
205 504 2
205 509 1
205 510 3
205 511 3
205 514 1
205 515 1
205 516 2
205 517 1
205 518 1
205 519 3
205 520 2
205 521 3
205 522 2
205 523 3
205 524 3
205 525 1
205 526 3
205 527 2
205 528 2
205 529 2
205 530 2
205 536 1
205 537 3
205 540 4
205 541 3
205 543 4
205 545 5
205 548 5
205 549 2
205 551 2
205 552 4
205 553 2
205 555 3
205 556 3
205 557 3
205 558 1
205 559 4
205 560 3
205 561 2
205 562 3
205 563 3
205 564 3
205 565 3
205 566 4
205 567 3
205 568 5
205 569 2
205 570 3
205 573 4
205 574 5
205 575 4
205 577 4
205 578 4
205 579 5
205 580 1
205 581 2
205 583 2
205 584 5
205 585 5
205 586 3
205 588 4
205 592 2
205 593 1
205 603 3
205 606 2
205 622 4
205 623 4
205 624 3
205 625 4
205 626 5
205 627 3
205 639 1
205 642 1
205 643 5
205 644 1
205 645 2
205 647 3
205 648 5
205 649 4
205 650 2
205 651 4
205 652 2
205 653 2
205 654 3
205 655 4
205 656 3
205 659 3
205 661 4
205 662 1
205 664 2
205 666 5
205 667 5
205 669 4
205 670 5
205 671 1
205 673 4
205 674 2
205 675 3
205 679 4
205 684 5
205 692 4
205 693 1
205 694 3
205 695 2
205 697 5
205 699 2
205 700 3
205 702 3
205 707 2
205 708 1
205 710 4
205 712 5
205 714 1
205 715 2
205 716 2
205 719 3
205 720 4
205 721 2
205 722 3
205 723 1
205 726 3
205 727 2
205 728 4
205 729 4
205 731 2
205 732 4
205 734 4
205 736 2
205 739 3
205 745 1
205 746 5
205 747 4
205 753 2
205 755 3
205 759 2
205 761 3
205 765 1
205 768 3
205 769 4
205 770 2
205 771 4
205 772 1
205 773 1
205 774 2
205 775 3
205 776 3
205 777 4
205 778 5
205 779 3
205 780 3
205 782 2
205 783 4
205 784 4
205 785 5
205 786 2
205 787 4
205 788 4
205 789 2
205 790 5
205 791 4
205 793 4
205 794 3
205 795 5
205 796 5
205 798 2
205 802 2
205 807 4
205 808 3
205 810 2
205 812 4
205 816 2
205 842 1
205 843 3
205 849 5
205 851 1
205 853 1
205 854 1
205 855 2
205 858 4
205 859 4
205 860 3
205 861 2
205 904 1
205 921 1
205 939 5
205 941 4
205 943 4
205 944 4
205 946 3
205 947 3
205 949 3
205 951 2
205 953 2
205 955 1
205 956 4
205 957 2
205 959 2
205 960 2
205 964 1
205 969 3
205 971 1
205 994 2
205 996 5
205 997 3
205 999 5
206 53 1
206 478 2
206 575 3
206 769 2
206 945 1
206 1 1
206 3 1
206 4 2
206 5 2
206 7 1
206 8 3
206 10 1
206 11 2
206 12 1
206 13 1
206 14 1
206 15 2
206 20 1
206 22 1
206 24 1
206 25 1
206 28 2
206 30 1
206 32 1
206 39 1
206 40 2
206 42 1
206 47 1
206 48 2
206 50 1
206 52 1
206 58 2
206 63 3
206 64 1
206 69 2
206 71 2
206 72 2
206 79 1
206 85 1
206 86 1
206 87 2
206 89 1
206 92 1
206 93 1
206 96 2
206 99 2
206 115 2
206 117 2
206 121 2
206 123 1
206 125 2
206 127 1
206 129 1
206 131 2
206 132 1
206 133 2
206 134 1
206 135 1
206 136 1
206 143 2
206 148 2
206 151 1
206 152 1
206 153 1
206 156 1
206 158 3
206 164 1
206 168 1
206 170 1
206 172 2
206 173 2
206 174 1
206 175 1
206 179 1
206 181 2
206 182 1
206 183 2
206 186 2
206 187 1
206 188 2
206 190 1
206 191 2
206 194 1
206 195 2
206 196 2
206 198 1
206 199 1
206 202 2
206 203 1
206 204 2
206 206 1
206 209 1
206 211 2
206 212 1
206 213 1
206 215 2
206 218 1
206 219 2
206 220 3
206 222 2
206 228 2
206 234 1
206 235 2
206 237 2
206 238 1
206 239 3
206 240 1
206 274 2
206 275 1
206 276 1
206 277 1
206 284 2
206 289 2
206 317 1
206 318 2
206 357 1
206 368 2
206 381 2
206 396 1
206 404 2
206 405 2
206 410 1
206 411 3
206 414 1
206 418 2
206 419 2
206 420 1
206 421 1
206 427 1
206 428 1
206 429 1
206 430 1
206 431 1
206 434 1
206 435 2
206 436 1
206 443 1
206 447 1
206 451 2
206 452 2
206 453 2
206 461 1
206 463 1
206 468 4
206 469 1
206 474 1
206 476 2
206 479 2
206 480 1
206 481 1
206 482 1
206 485 1
206 487 2
206 488 1
206 490 1
206 496 2
206 498 1
206 499 1
206 501 2
206 503 1
206 504 1
206 505 1
206 507 2
206 508 1
206 509 1
206 511 1
206 514 1
206 515 1
206 517 1
206 519 1
206 520 2
206 523 1
206 524 1
206 526 2
206 527 1
206 528 1
206 529 1
206 543 1
206 559 2
206 561 2
206 573 2
206 582 1
206 588 2
206 589 1
206 591 1
206 596 2
206 605 1
206 606 1
206 607 1
206 608 1
206 610 1
206 611 2
206 612 4
206 624 2
206 632 1
206 633 2
206 634 2
206 638 1
206 639 1
206 640 1
206 641 1
206 642 1
206 645 1
206 647 1
206 651 1
206 652 1
206 655 2
206 662 1
206 663 2
206 664 1
206 665 2
206 672 2
206 675 1
206 692 3
206 693 1
206 699 1
206 701 1
206 705 1
206 712 2
206 713 1
206 715 1
206 727 1
206 732 3
206 735 2
206 737 1
206 745 1
206 746 2
206 747 1
206 756 3
206 772 2
206 787 3
206 813 1
206 823 2
206 825 3
206 826 4
206 831 3
206 845 2
206 919 1
206 921 1
206 923 1
206 942 1
206 960 1
206 962 1
207 72 1
207 258 1
207 315 1
207 403 1
207 655 1
207 1 1
207 2 1
207 4 1
207 8 1
207 25 1
207 28 1
207 29 1
207 40 1
207 45 1
207 50 1
207 56 1
207 62 1
207 68 1
207 69 1
207 70 1
207 82 1
207 88 1
207 89 1
207 91 1
207 96 1
207 97 1
207 98 1
207 99 1
207 100 1
207 117 1
207 118 1
207 123 1
207 127 1
207 132 1
207 135 1
207 143 1
207 144 1
207 147 1
207 157 1
207 158 1
207 159 1
207 161 1
207 163 1
207 172 1
207 173 1
207 174 1
207 177 1
207 179 1
207 180 1
207 181 1
207 182 1
207 183 1
207 185 1
207 186 1
207 188 1
207 193 1
207 194 1
207 196 1
207 197 1
207 200 1
207 201 1
207 202 1
207 203 1
207 205 1
207 208 1
207 209 1
207 211 1
207 214 1
207 215 1
207 216 1
207 217 1
207 218 1
207 222 1
207 223 1
207 226 1
207 227 1
207 228 1
207 229 1
207 230 1
207 231 1
207 232 1
207 235 1
207 238 1
207 239 1
207 244 1
207 248 1
207 249 1
207 250 1
207 255 1
207 257 1
207 265 1
207 269 1
207 274 1
207 286 1
207 289 1
207 290 1
207 291 1
207 313 1
207 316 1
207 345 1
207 357 1
207 371 1
207 382 1
207 385 1
207 393 1
207 399 1
207 400 2
207 405 1
207 416 1
207 418 1
207 423 1
207 427 1
207 428 1
207 432 1
207 433 1
207 436 1
207 447 1
207 448 1
207 449 1
207 455 1
207 466 1
207 476 1
207 478 1
207 479 1
207 483 1
207 484 1
207 493 1
207 496 1
207 502 1
207 508 1
207 510 1
207 514 1
207 519 1
207 521 1
207 525 1
207 559 1
207 561 1
207 565 1
207 588 1
207 603 1
207 616 1
207 629 1
207 635 1
207 642 1
207 648 1
207 656 1
207 657 1
207 660 1
207 675 1
207 684 1
207 705 1
207 710 1
207 712 1
207 715 1
207 729 1
207 732 1
207 746 1
207 755 1
207 756 1
207 785 1
207 844 1
207 859 1
207 869 1
207 879 2
207 949 1
207 969 1
207 972 1
207 993 1
208 258 1
208 288 1
208 302 1
208 312 1
208 324 1
208 270 1
208 271 1
208 286 1
208 294 1
208 300 1
208 313 1
208 315 1
208 319 1
208 328 1
208 347 1
208 358 1
208 539 1
208 683 1
208 689 1
208 748 1
209 89 1
209 165 1
209 187 1
209 474 1
209 484 1
209 6 1
209 8 1
209 9 1
209 12 1
209 14 1
209 22 1
209 23 1
209 28 1
209 30 1
209 48 1
209 50 1
209 58 1
209 59 1
209 60 1
209 65 1
209 87 1
209 97 1
209 98 1
209 99 1
209 100 1
209 133 1
209 135 1
209 153 1
209 154 1
209 156 1
209 162 1
209 166 1
209 168 1
209 170 1
209 172 1
209 173 1
209 174 1
209 175 1
209 179 1
209 181 1
209 186 1
209 191 1
209 192 1
209 195 1
209 197 1
209 199 1
209 200 1
209 201 1
209 202 1
209 203 1
209 204 1
209 205 1
209 207 1
209 209 1
209 210 1
209 213 1
209 214 1
209 216 1
209 223 1
209 264 1
209 266 1
209 270 1
209 275 1
209 276 1
209 283 1
209 285 1
209 286 1
209 288 1
209 300 1
209 303 1
209 318 1
209 321 1
209 322 1
209 325 1
209 327 1
209 339 1
209 343 1
209 357 1
209 367 1
209 381 1
209 382 1
209 404 1
209 427 1
209 428 1
209 429 1
209 430 1
209 433 1
209 435 1
209 461 1
209 478 1
209 479 1
209 480 1
209 481 1
209 482 1
209 483 1
209 485 1
209 486 1
209 489 1
209 491 1
209 493 1
209 496 1
209 497 1
209 498 1
209 504 1
209 505 1
209 514 1
209 516 1
209 518 1
209 520 1
209 523 1
209 526 1
209 527 1
209 528 1
209 530 1
209 604 1
209 606 1
209 607 1
209 608 1
209 609 1
209 615 1
209 618 1
209 631 1
209 633 1
209 647 1
209 654 1
209 659 1
209 661 1
209 664 1
209 676 1
209 680 1
209 684 1
209 708 1
209 709 1
209 714 1
209 733 1
209 749 1
209 855 1
209 877 1
209 879 1
209 937 1
209 945 1
209 965 1
209 995 1
210 347 1
210 538 1
210 748 1
210 882 1
210 886 1
210 258 1
210 269 1
210 286 1
210 289 1
210 300 1
210 311 1
210 312 1
210 313 1
210 315 1
210 316 1
210 323 1
210 328 1
210 340 1
210 354 1
210 690 1
210 754 2
210 873 1
210 898 3
210 905 1
211 28 1
211 50 1
211 58 1
211 182 1
211 304 1
211 1 1
211 4 1
211 9 1
211 22 1
211 38 1
211 56 1
211 73 1
211 88 1
211 117 1
211 161 1
211 168 1
211 172 1
211 181 1
211 186 1
211 195 1
211 196 1
211 208 1
211 209 1
211 210 1
211 222 1
211 227 1
211 228 1
211 229 1
211 230 1
211 258 1
211 265 1
211 276 1
211 318 1
211 405 1
211 435 1
211 449 1
211 451 1
211 485 1
211 527 1
211 566 1
211 568 1
211 651 1
211 655 1
211 709 1
211 720 1
211 732 1
211 770 1
212 114 1
212 117 1
212 135 1
212 202 1
212 357 1
212 4 1
212 7 1
212 23 1
212 24 1
212 28 1
212 56 1
212 64 1
212 70 1
212 81 1
212 92 1
212 96 1
212 150 1
212 154 1
212 172 1
212 173 1
212 175 1
212 182 1
212 186 1
212 193 1
212 206 1
212 211 1
212 218 1
212 276 1
212 288 1
212 318 1
212 340 1
212 408 1
212 427 1
212 436 1
212 480 1
212 487 1
212 508 1
212 526 1
212 634 1
212 651 1
212 684 1
212 724 1
213 14 1
213 147 1
213 250 1
213 270 1
213 284 1
213 7 1
213 9 1
213 15 1
213 50 1
213 124 1
213 181 1
213 222 1
213 236 1
213 245 1
213 255 1
213 257 1
213 258 1
213 260 1
213 269 1
213 271 1
213 275 1
213 286 1
213 297 1
213 300 1
213 301 1
213 302 1
213 303 1
213 306 1
213 326 1
213 328 1
213 332 1
213 471 1
213 508 1
213 628 1
213 690 1
213 877 1
213 936 2
214 264 1
214 272 1
214 310 1
214 346 1
214 690 1
214 100 1
214 258 1
214 260 1
214 294 1
214 300 1
214 301 1
214 302 1
214 325 1
214 340 1
214 343 1
214 678 1
214 748 1
215 154 1
215 180 1
215 479 1
215 480 1
215 641 1
215 56 1
215 185 1
215 195 1
215 243 1
215 269 1
215 322 1
215 323 1
215 328 1
215 432 1
215 531 1
215 748 1
215 754 2
216 416 1
216 692 1
216 763 1
216 865 1
216 930 1
216 1 1
216 2 1
216 7 1
216 8 1
216 9 1
216 10 1
216 11 1
216 12 1
216 13 1
216 14 1
216 21 1
216 22 1
216 24 1
216 25 1
216 27 1
216 28 1
216 29 1
216 31 1
216 32 1
216 36 1
216 38 1
216 41 1
216 42 1
216 43 1
216 44 1
216 49 1
216 50 1
216 51 1
216 53 1
216 54 1
216 55 1
216 56 1
216 58 1
216 64 1
216 65 1
216 66 1
216 67 1
216 69 1
216 70 1
216 71 1
216 73 1
216 77 1
216 81 1
216 82 1
216 83 1
216 85 1
216 86 1
216 87 1
216 88 1
216 90 1
216 92 1
216 93 1
216 94 1
216 97 1
216 98 1
216 99 1
216 105 1
216 106 1
216 107 1
216 117 1
216 121 1
216 123 1
216 125 1
216 126 1
216 127 1
216 132 1
216 133 1
216 134 1
216 136 1
216 137 1
216 140 1
216 142 1
216 143 1
216 144 1
216 148 1
216 154 1
216 155 1
216 156 1
216 157 1
216 158 1
216 159 1
216 161 1
216 168 1
216 172 1
216 174 1
216 176 1
216 178 1
216 181 1
216 182 1
216 183 1
216 185 1
216 187 1
216 191 1
216 194 1
216 195 1
216 196 1
216 197 1
216 199 1
216 200 1
216 202 1
216 203 1
216 204 1
216 209 1
216 210 1
216 211 1
216 213 1
216 215 1
216 216 1
216 217 1
216 219 1
216 220 1
216 225 1
216 226 1
216 230 1
216 234 1
216 237 1
216 238 1
216 239 1
216 240 1
216 241 1
216 242 1
216 245 1
216 246 1
216 248 1
216 249 1
216 250 1
216 251 1
216 252 1
216 253 1
216 254 1
216 257 1
216 258 1
216 259 1
216 264 1
216 266 1
216 268 1
216 272 1
216 274 1
216 275 1
216 276 1
216 277 1
216 281 1
216 283 1
216 284 1
216 285 1
216 286 1
216 287 1
216 288 1
216 289 1
216 294 1
216 295 1
216 297 1
216 298 1
216 301 1
216 304 1
216 307 1
216 312 1
216 313 1
216 315 1
216 316 1
216 317 1
216 318 1
216 319 1
216 322 1
216 323 1
216 326 1
216 327 1
216 328 1
216 329 1
216 331 1
216 332 1
216 333 1
216 338 1
216 339 1
216 346 1
216 347 1
216 348 1
216 354 1
216 356 1
216 357 1
216 364 1
216 366 1
216 367 1
216 369 1
216 375 1
216 378 1
216 385 1
216 388 1
216 393 1
216 395 1
216 396 1
216 399 1
216 401 1
216 402 1
216 403 1
216 404 1
216 405 1
216 411 1
216 412 1
216 417 1
216 418 1
216 419 1
216 423 1
216 425 1
216 427 1
216 431 1
216 432 1
216 433 1
216 443 1
216 448 1
216 451 1
216 452 1
216 462 1
216 463 1
216 468 1
216 469 1
216 471 1
216 472 1
216 473 1
216 475 1
216 476 1
216 479 1
216 480 1
216 496 1
216 498 1
216 500 1
216 501 1
216 506 1
216 509 1
216 515 1
216 526 1
216 531 1
216 532 1
216 538 1
216 546 1
216 549 1
216 553 1
216 554 1
216 559 1
216 560 1
216 564 1
216 568 1
216 576 1
216 578 1
216 585 1
216 588 1
216 591 1
216 592 1
216 607 1
216 614 1
216 619 1
216 625 1
216 627 1
216 628 1
216 633 1
216 651 1
216 652 1
216 657 1
216 658 1
216 660 1
216 662 1
216 676 1
216 678 1
216 682 1
216 684 1
216 685 1
216 686 1
216 689 1
216 690 1
216 693 1
216 696 1
216 699 1
216 707 1
216 708 1
216 710 1
216 712 1
216 713 1
216 717 1
216 720 1
216 721 1
216 723 1
216 724 1
216 729 1
216 734 1
216 735 1
216 737 1
216 738 1
216 739 1
216 746 1
216 747 1
216 748 1
216 750 1
216 754 2
216 755 1
216 761 1
216 762 1
216 768 1
216 770 1
216 775 1
216 778 1
216 781 1
216 783 1
216 785 1
216 790 1
216 792 1
216 794 1
216 795 1
216 803 1
216 807 2
216 812 1
216 815 1
216 819 1
216 821 1
216 824 1
216 827 1
216 833 1
216 834 1
216 840 1
216 842 1
216 843 1
216 845 1
216 849 1
216 864 1
216 866 1
216 873 1
216 874 1
216 879 1
216 895 1
216 915 1
216 916 1
216 917 1
216 918 1
216 928 1
216 929 1
216 931 1
216 934 1
216 936 1
216 937 1
216 938 1
216 941 1
216 955 1
216 959 1
216 966 1
216 972 1
216 975 1
216 980 1
216 985 1
216 990 1
216 997 1
217 24 1
217 211 1
217 384 1
217 550 1
217 588 1
217 1 1
217 3 1
217 5 1
217 7 1
217 11 1
217 12 1
217 13 1
217 15 1
217 16 1
217 17 1
217 20 1
217 23 1
217 27 1
217 29 1
217 32 1
217 39 1
217 42 1
217 44 1
217 47 1
217 50 1
217 51 1
217 55 1
217 56 1
217 58 1
217 62 1
217 63 1
217 64 1
217 65 1
217 67 1
217 68 1
217 69 1
217 70 1
217 72 1
217 73 1
217 77 1
217 78 1
217 79 1
217 80 1
217 81 1
217 82 1
217 83 1
217 89 1
217 91 1
217 95 1
217 96 1
217 97 1
217 98 1
217 99 1
217 100 1
217 101 1
217 106 1
217 109 1
217 118 1
217 120 1
217 122 1
217 123 1
217 125 1
217 127 1
217 131 1
217 132 1
217 135 1
217 139 1
217 142 1
217 144 1
217 145 1
217 147 1
217 154 1
217 157 1
217 159 1
217 162 1
217 164 1
217 167 1
217 168 1
217 169 1
217 171 1
217 172 1
217 173 1
217 174 1
217 176 1
217 178 1
217 179 1
217 181 1
217 182 1
217 183 1
217 184 1
217 186 1
217 190 1
217 195 1
217 196 1
217 198 1
217 200 1
217 201 1
217 202 1
217 206 1
217 207 1
217 208 1
217 214 1
217 216 1
217 217 1
217 218 1
217 219 1
217 222 1
217 223 1
217 226 1
217 228 1
217 232 1
217 234 1
217 235 1
217 242 1
217 245 1
217 246 1
217 248 1
217 250 1
217 252 1
217 255 1
217 257 1
217 258 1
217 260 1
217 264 1
217 265 1
217 270 1
217 273 1
217 286 1
217 288 1
217 290 1
217 293 1
217 294 1
217 298 1
217 323 1
217 324 1
217 325 1
217 326 1
217 340 1
217 357 1
217 358 1
217 364 1
217 367 1
217 373 1
217 380 1
217 382 1
217 385 1
217 386 1
217 388 1
217 391 1
217 392 1
217 393 1
217 395 1
217 396 1
217 399 1
217 402 1
217 403 1
217 404 1
217 413 1
217 419 1
217 420 1
217 421 1
217 422 1
217 423 1
217 425 1
217 428 1
217 431 1
217 433 1
217 436 1
217 441 1
217 444 1
217 447 1
217 449 1
217 451 1
217 452 1
217 461 1
217 465 1
217 472 1
217 474 1
217 475 1
217 483 1
217 484 1
217 485 1
217 498 1
217 501 1
217 508 1
217 513 1
217 518 1
217 541 1
217 544 1
217 545 1
217 546 1
217 551 1
217 552 1
217 555 1
217 559 1
217 561 1
217 562 1
217 563 1
217 574 1
217 578 1
217 579 1
217 582 1
217 596 1
217 597 1
217 614 1
217 616 1
217 625 1
217 628 1
217 631 1
217 636 1
217 638 1
217 640 1
217 642 1
217 655 1
217 658 1
217 665 1
217 668 1
217 669 1
217 674 1
217 679 1
217 684 1
217 685 1
217 692 1
217 708 1
217 709 1
217 710 1
217 715 1
217 723 1
217 725 1
217 727 1
217 728 1
217 732 1
217 742 1
217 746 1
217 747 1
217 748 1
217 758 1
217 762 1
217 764 1
217 765 1
217 767 1
217 769 1
217 774 1
217 778 1
217 781 1
217 783 1
217 792 1
217 796 1
217 797 1
217 800 1
217 804 1
217 809 1
217 810 1
217 815 1
217 825 1
217 827 1
217 831 1
217 849 1
217 855 1
217 871 1
217 895 1
217 923 1
217 928 1
217 940 1
217 943 1
217 944 1
217 946 1
217 963 1
217 979 1
217 999 1
217 1000 1
218 304 1
218 315 1
218 333 2
218 344 1
218 346 1
218 258 1
218 269 1
218 288 1
218 301 1
218 302 1
218 313 1
218 327 1
218 328 1
218 331 1
218 362 2
218 750 1
218 895 1
218 899 1
219 14 2
219 134 1
219 306 2
219 514 2
219 604 1
219 50 1
219 79 1
219 89 1
219 100 1
219 173 1
219 181 1
219 223 1
219 257 1
219 275 2
219 286 1
219 405 1
219 478 1
219 488 1
219 615 1
219 617 2
219 705 1
220 14 2
220 270 1
220 288 1
220 301 1
220 484 2
220 19 1
220 86 1
220 100 1
220 116 1
220 137 1
220 251 1
220 275 2
220 283 1
220 302 1
220 319 1
220 331 1
220 408 1
220 475 1
220 478 1
220 508 1
220 513 1
220 603 1
220 750 1
220 753 1
221 187 1
221 234 1
221 474 2
221 603 1
221 674 1
221 4 1
221 7 1
221 11 1
221 12 1
221 50 1
221 56 1
221 82 1
221 87 1
221 89 1
221 96 1
221 100 1
221 117 1
221 124 1
221 127 1
221 129 1
221 144 1
221 156 1
221 164 1
221 172 1
221 174 1
221 175 1
221 176 1
221 182 1
221 183 1
221 185 1
221 194 1
221 200 1
221 213 1
221 218 1
221 219 1
221 238 1
221 302 1
221 333 1
221 443 1
221 448 1
221 466 1
221 516 1
221 517 3
221 653 4
221 657 1
221 672 1
221 709 1
221 879 1
221 914 2
221 915 1
222 5 1
222 93 1
222 275 1
222 325 1
222 358 1
222 1 1
222 15 1
222 50 1
222 53 1
222 98 1
222 100 1
222 109 1
222 117 1
222 124 1
222 126 1
222 127 1
222 129 1
222 137 1
222 151 1
222 181 1
222 184 1
222 200 1
222 201 1
222 217 1
222 219 1
222 222 1
222 235 1
222 250 1
222 257 1
222 258 1
222 260 1
222 270 1
222 273 1
222 276 1
222 286 1
222 287 1
222 288 1
222 293 1
222 294 1
222 299 1
222 307 1
222 324 1
222 326 1
222 327 1
222 334 1
222 370 1
222 379 1
222 396 1
222 410 1
222 436 1
222 447 1
222 448 1
222 452 1
222 458 1
222 475 1
222 477 1
222 515 1
222 551 1
222 558 1
222 559 1
222 561 1
222 590 1
222 665 1
222 670 1
222 671 1
222 672 1
222 682 1
222 742 1
222 760 1
222 854 1
222 867 1
222 919 1
222 922 1
222 926 1
223 125 1
223 302 3
223 348 1
223 690 1
223 751 1
223 9 1
223 15 1
223 127 1
223 148 1
223 237 1
223 245 1
223 258 1
223 269 2
223 272 1
223 276 1
223 282 1
223 286 1
223 299 1
223 300 1
223 304 1
223 307 1
223 310 2
223 313 1
223 315 1
223 322 1
223 323 1
223 326 1
223 327 2
223 328 1
223 329 2
223 333 1
223 340 1
223 344 1
223 347 1
223 355 1
223 471 1
223 546 1
223 591 1
223 628 1
223 678 1
223 689 1
223 696 1
223 744 1
223 748 1
223 750 1
223 754 4
223 823 1
223 879 1
223 898 1
223 924 2
223 977 1
224 9 2
224 294 1
224 435 1
224 740 1
224 989 1
224 1 1
224 14 1
224 15 1
224 25 1
224 50 1
224 100 1
224 115 1
224 127 1
224 151 1
224 172 1
224 243 1
224 261 1
224 275 1
224 288 1
224 289 1
224 310 1
224 323 1
224 333 1
224 427 1
224 508 1
224 538 1
224 681 1
224 683 2
224 689 1
224 882 3
225 56 2
225 145 1
225 219 1
225 289 1
225 689 1
225 1 1
225 2 1
225 7 1
225 17 1
225 22 1
225 24 1
225 32 1
225 38 1
225 39 1
225 53 1
225 55 1
225 62 1
225 68 1
225 79 1
225 82 1
225 83 1
225 98 1
225 100 1
225 117 1
225 118 1
225 121 1
225 124 2
225 127 1
225 144 1
225 147 1
225 156 1
225 168 1
225 171 1
225 172 1
225 174 1
225 176 1
225 177 1
225 178 1
225 180 1
225 183 1
225 185 1
225 187 1
225 188 1
225 191 1
225 195 1
225 198 1
225 200 1
225 201 1
225 204 1
225 207 1
225 209 1
225 210 1
225 218 1
225 222 1
225 227 1
225 229 1
225 230 1
225 231 1
225 232 1
225 234 1
225 241 1
225 244 1
225 250 1
225 252 1
225 257 1
225 259 1
225 271 2
225 272 2
225 273 1
225 281 1
225 286 2
225 288 2
225 298 1
225 302 3
225 305 3
225 307 1
225 310 3
225 313 1
225 316 1
225 318 1
225 322 1
225 323 1
225 324 3
225 325 2
225 327 2
225 333 1
225 338 1
225 340 2
225 343 2
225 346 2
225 355 1
225 357 1
225 358 1
225 362 1
225 363 1
225 379 1
225 385 1
225 398 1
225 424 1
225 429 1
225 445 1
225 447 1
225 448 1
225 452 1
225 474 2
225 475 1
225 491 1
225 515 1
225 520 1
225 522 1
225 529 1
225 538 1
225 540 1
225 550 1
225 562 1
225 566 1
225 568 1
225 573 1
225 576 1
225 583 1
225 590 1
225 597 1
225 636 1
225 669 1
225 670 1
225 675 1
225 678 1
225 679 1
225 686 1
225 690 1
225 748 1
225 750 1
225 751 1
225 759 1
225 823 1
225 825 1
225 831 1
225 841 2
225 853 1
225 877 1
225 879 1
225 895 1
225 912 1
225 943 2
225 976 1
226 132 1
226 194 1
226 332 1
226 429 1
226 527 2
226 23 1
226 50 1
226 98 1
226 99 1
226 133 1
226 134 1
226 135 1
226 168 1
226 174 1
226 178 1
226 182 1
226 185 1
226 191 1
226 196 1
226 197 1
226 199 1
226 200 1
226 204 1
226 208 1
226 211 1
226 318 1
226 418 1
226 427 1
226 428 2
226 430 1
226 432 1
226 435 1
226 474 1
226 478 1
226 480 1
226 483 1
226 486 1
226 488 1
226 490 1
226 491 1
226 492 3
226 493 1
226 494 1
226 504 2
226 505 1
226 510 1
226 511 1
226 524 3
226 525 3
226 526 1
226 601 1
226 603 1
226 605 1
226 606 1
226 607 3
226 608 5
226 610 2
226 613 2
226 614 1
226 616 1
226 631 2
226 633 1
226 646 1
226 648 1
226 651 1
226 653 5
226 654 1
226 655 1
226 657 1
226 673 1
226 705 1
226 754 2
226 835 1
226 836 3
226 848 1
227 328 1
227 937 2
227 938 1
227 989 1
227 990 3
227 245 1
227 258 1
227 263 1
227 286 2
227 292 2
227 300 1
227 302 2
227 303 1
227 304 1
227 319 1
227 332 1
227 341 1
227 359 1
227 680 1
227 681 2
227 682 1
227 688 1
227 874 1
228 316 2
228 331 2
228 340 3
228 343 2
228 347 1
228 243 1
228 259 1
228 268 1
228 271 1
228 272 3
228 286 2
228 289 1
228 294 1
228 300 1
228 301 2
228 305 2
228 307 2
228 312 3
228 313 1
228 322 1
228 323 1
228 326 1
228 329 3
228 332 1
228 334 1
228 338 1
228 344 1
228 350 3
228 538 1
228 690 1
228 750 1
228 875 2
228 877 1
228 879 1
228 886 1
228 896 1
228 908 2
228 988 1
229 338 1
229 382 1
229 430 1
229 559 1
229 686 1
229 1 1
229 2 1
229 3 1
229 4 1
229 7 1
229 8 1
229 12 1
229 15 1
229 21 1
229 22 1
229 23 1
229 24 1
229 26 1
229 28 1
229 31 1
229 32 1
229 45 1
229 47 1
229 48 1
229 50 1
229 52 1
229 53 1
229 55 1
229 56 1
229 58 1
229 62 1
229 63 1
229 64 1
229 66 1
229 68 1
229 69 1
229 70 1
229 72 1
229 73 1
229 77 1
229 79 1
229 81 1
229 82 1
229 83 1
229 85 1
229 86 1
229 87 1
229 88 1
229 89 1
229 90 1
229 91 1
229 92 1
229 93 1
229 95 1
229 96 1
229 97 1
229 101 1
229 109 1
229 114 1
229 117 1
229 118 1
229 123 1
229 124 2
229 127 1
229 128 1
229 132 1
229 133 1
229 134 1
229 137 2
229 140 1
229 141 1
229 143 1
229 144 1
229 150 1
229 151 1
229 153 1
229 154 1
229 157 1
229 159 1
229 161 1
229 162 1
229 163 1
229 164 1
229 165 3
229 166 1
229 168 1
229 170 1
229 172 1
229 174 1
229 178 1
229 179 1
229 181 1
229 183 1
229 184 1
229 185 1
229 186 1
229 188 1
229 190 1
229 191 1
229 193 1
229 195 1
229 197 1
229 201 1
229 202 1
229 203 1
229 207 2
229 208 1
229 209 1
229 210 1
229 211 1
229 214 1
229 216 1
229 218 1
229 219 1
229 223 1
229 225 1
229 229 1
229 232 1
229 233 1
229 237 1
229 238 1
229 248 1
229 249 1
229 250 1
229 258 1
229 264 2
229 265 1
229 273 1
229 274 1
229 275 2
229 276 1
229 277 1
229 280 1
229 281 1
229 282 1
229 283 1
229 288 1
229 290 1
229 291 1
229 298 1
229 301 2
229 318 1
229 319 1
229 321 1
229 340 3
229 356 1
229 365 1
229 366 1
229 367 1
229 371 1
229 378 1
229 385 1
229 387 1
229 392 1
229 393 1
229 403 1
229 404 1
229 405 1
229 410 1
229 411 1
229 415 1
229 418 1
229 419 1
229 423 1
229 427 1
229 428 2
229 431 1
229 432 1
229 433 1
229 435 1
229 436 1
229 441 1
229 448 1
229 455 1
229 457 1
229 464 1
229 466 1
229 467 1
229 468 1
229 470 1
229 473 1
229 475 1
229 480 1
229 481 1
229 482 1
229 483 1
229 484 1
229 485 1
229 491 1
229 493 1
229 495 1
229 496 1
229 499 1
229 500 1
229 502 1
229 504 2
229 505 1
229 508 1
229 511 1
229 514 2
229 520 1
229 527 1
229 531 1
229 535 1
229 537 2
229 546 1
229 549 1
229 550 1
229 566 1
229 568 1
229 569 1
229 570 1
229 578 1
229 581 1
229 584 1
229 591 1
229 602 1
229 603 1
229 611 1
229 625 1
229 627 1
229 628 1
229 629 2
229 631 1
229 633 1
229 635 1
229 636 1
229 640 1
229 642 1
229 652 1
229 654 1
229 655 1
229 658 1
229 662 1
229 665 1
229 671 2
229 672 1
229 673 1
229 679 1
229 684 1
229 692 1
229 693 1
229 700 1
229 702 1
229 705 1
229 708 1
229 709 1
229 710 1
229 726 1
229 729 1
229 732 1
229 735 1
229 742 1
229 744 1
229 747 1
229 755 1
229 756 1
229 761 1
229 762 1
229 763 1
229 768 1
229 780 1
229 794 1
229 804 1
229 805 1
229 806 1
229 820 1
229 826 1
229 833 1
229 845 1
229 847 2
229 921 1
229 928 1
229 941 1
229 944 1
229 961 1
229 967 1
229 972 1
230 124 2
230 148 1
230 462 2
230 656 1
230 744 2
230 9 2
230 10 1
230 12 1
230 19 3
230 42 1
230 50 1
230 56 1
230 98 1
230 100 1
230 101 1
230 117 1
230 129 1
230 137 3
230 152 1
230 164 1
230 165 4
230 181 1
230 221 1
230 222 1
230 234 1
230 237 1
230 248 1
230 253 1
230 258 1
230 264 2
230 273 1
230 276 1
230 286 2
230 288 1
230 293 1
230 294 1
230 300 1
230 302 2
230 318 1
230 328 1
230 436 1
230 514 3
230 515 1
230 527 1
230 528 1
230 547 1
230 628 1
230 674 1
231 245 1
231 300 1
231 302 2
231 689 1
231 754 3
231 286 1
231 307 1
231 322 1
231 323 1
231 327 2
231 358 1
231 538 1
231 690 1
231 748 1
231 879 1
231 988 2
232 3 1
232 150 1
232 237 1
232 864 1
232 871 1
232 1 1
232 7 1
232 24 1
232 50 1
232 93 1
232 100 1
232 108 2
232 109 1
232 111 1
232 117 1
232 118 1
232 121 1
232 123 1
232 151 1
232 181 1
232 222 1
232 246 1
232 248 1
232 249 1
232 250 1
232 257 1
232 258 1
232 274 1
232 276 1
232 284 1
232 294 1
232 295 1
232 300 1
232 315 2
232 322 1
232 405 1
232 410 1
232 411 1
232 471 1
232 508 1
232 546 1
232 620 1
232 628 1
232 678 1
232 742 1
232 763 1
232 815 1
232 844 1
232 845 1
233 12 3
233 50 3
233 294 2
233 325 1
233 358 1
233 59 2
233 60 2
233 95 1
233 173 2
233 174 1
233 194 1
233 246 1
233 268 2
233 269 3
233 273 2
233 276 1
233 293 1
233 302 3
233 303 2
233 322 1
233 323 1
233 326 1
233 333 1
233 340 4
233 435 1
233 474 1
233 507 2
233 657 1
233 682 1
233 690 1
233 748 1
233 754 3
233 919 2
234 7 2
234 220 2
234 237 3
234 477 2
234 743 1
234 9 2
234 111 2
234 121 2
234 125 2
234 147 3
234 148 1
234 151 3
234 225 1
234 274 1
234 275 3
234 283 3
234 287 1
234 288 3
234 347 1
234 369 1
234 406 1
234 471 2
234 476 2
234 546 1
234 628 3
234 756 1
234 763 1
234 815 2
234 819 1
234 833 2
234 844 1
234 928 1
234 975 1
235 29 1
235 81 2
235 90 1
235 562 1
235 674 1
235 1 1
235 3 1
235 4 1
235 5 1
235 7 2
235 9 2
235 11 1
235 12 1
235 15 1
235 21 1
235 22 1
235 23 1
235 24 2
235 25 2
235 27 1
235 28 1
235 31 1
235 38 1
235 40 1
235 42 1
235 45 1
235 49 1
235 50 2
235 52 1
235 54 1
235 62 1
235 63 1
235 64 1
235 67 1
235 68 1
235 69 1
235 71 1
235 72 1
235 73 1
235 80 1
235 82 1
235 83 1
235 85 1
235 86 1
235 89 1
235 95 1
235 96 1
235 100 1
235 105 1
235 108 1
235 109 1
235 111 2
235 115 4
235 117 2
235 118 1
235 121 2
235 122 2
235 123 1
235 125 2
235 128 1
235 132 1
235 135 1
235 136 1
235 141 1
235 148 1
235 151 2
235 152 1
235 153 1
235 154 1
235 156 1
235 157 1
235 159 1
235 160 1
235 161 1
235 162 2
235 163 1
235 164 1
235 167 1
235 168 1
235 171 2
235 172 1
235 173 1
235 174 1
235 175 1
235 176 1
235 182 1
235 183 1
235 184 1
235 185 1
235 186 1
235 187 1
235 188 1
235 190 1
235 191 1
235 195 1
235 196 1
235 199 1
235 200 1
235 204 1
235 206 1
235 211 1
235 214 1
235 215 1
235 216 1
235 217 1
235 218 1
235 219 1
235 222 1
235 225 1
235 226 1
235 227 1
235 228 1
235 229 1
235 230 1
235 234 1
235 239 1
235 240 2
235 245 2
235 246 2
235 250 1
235 252 1
235 254 2
235 255 3
235 257 2
235 258 1
235 260 1
235 264 2
235 273 1
235 284 2
235 290 1
235 291 1
235 294 1
235 299 1
235 300 1
235 307 1
235 313 1
235 317 1
235 318 1
235 321 2
235 327 2
235 331 1
235 338 1
235 343 2
235 351 3
235 354 3
235 357 1
235 358 1
235 367 1
235 369 2
235 376 1
235 380 1
235 381 1
235 382 1
235 384 1
235 385 1
235 386 1
235 392 1
235 393 1
235 394 1
235 399 1
235 402 1
235 403 1
235 404 1
235 410 1
235 411 1
235 413 1
235 423 1
235 424 1
235 431 1
235 433 1
235 434 2
235 435 1
235 436 1
235 443 1
235 447 1
235 448 1
235 451 1
235 455 1
235 462 1
235 465 1
235 470 1
235 473 1
235 474 1
235 476 1
235 520 1
235 541 1
235 542 1
235 546 1
235 550 1
235 554 1
235 561 1
235 566 1
235 567 1
235 568 1
235 569 1
235 571 1
235 572 1
235 573 1
235 576 1
235 577 1
235 578 1
235 584 1
235 587 1
235 588 1
235 597 1
235 616 1
235 625 1
235 628 3
235 631 1
235 637 1
235 640 1
235 649 1
235 652 1
235 655 1
235 659 1
235 665 1
235 672 1
235 673 1
235 675 1
235 679 1
235 684 1
235 693 1
235 696 1
235 697 1
235 710 2
235 713 2
235 715 1
235 717 1
235 720 1
235 729 2
235 732 1
235 743 1
235 746 1
235 748 1
235 751 1
235 752 2
235 756 1
235 760 1
235 762 1
235 780 1
235 781 1
235 786 1
235 790 1
235 792 2
235 797 1
235 800 1
235 820 1
235 821 1
235 825 1
235 826 2
235 831 1
235 834 1
235 841 3
235 845 1
235 862 1
235 885 4
235 890 1
235 895 1
235 924 4
235 926 1
235 928 2
235 929 2
235 943 3
235 944 1
235 961 1
235 977 2
235 983 1
236 99 1
236 127 3
236 182 2
236 441 1
236 763 1
236 21 1
236 23 1
236 26 1
236 38 1
236 39 1
236 43 1
236 47 2
236 65 1
236 66 1
236 72 1
236 73 1
236 83 1
236 90 1
236 92 1
236 95 1
236 96 1
236 98 1
236 102 1
236 111 1
236 125 2
236 132 1
236 133 1
236 157 1
236 159 1
236 161 1
236 168 1
236 172 1
236 174 1
236 179 1
236 186 1
236 200 1
236 204 1
236 215 1
236 216 1
236 217 1
236 218 1
236 219 1
236 226 1
236 238 1
236 265 1
236 276 2
236 287 2
236 288 2
236 313 1
236 325 2
236 327 3
236 340 4
236 347 1
236 367 1
236 381 1
236 392 1
236 400 1
236 411 1
236 433 1
236 447 1
236 454 1
236 503 1
236 504 1
236 506 1
236 537 2
236 546 1
236 553 1
236 559 1
236 568 1
236 581 1
236 585 1
236 595 2
236 628 2
236 642 1
236 649 1
236 655 1
236 658 1
236 660 2
236 708 2
236 710 4
236 715 1
236 721 1
236 723 1
236 739 1
236 742 1
236 746 1
236 748 1
236 761 1
236 762 1
236 785 1
236 787 1
236 790 1
236 794 1
236 821 1
236 845 1
236 895 1
236 974 1
237 51 1
237 165 4
237 387 1
237 479 1
237 658 1
237 5 1
237 11 1
237 12 1
237 14 2
237 28 1
237 30 1
237 42 1
237 47 2
237 50 2
237 56 1
237 58 1
237 65 1
237 69 1
237 70 1
237 77 1
237 79 1
237 82 1
237 83 1
237 86 2
237 87 1
237 88 1
237 89 1
237 90 1
237 91 1
237 95 1
237 97 1
237 98 1
237 99 1
237 111 2
237 116 3
237 118 1
237 124 2
237 131 2
237 132 1
237 133 1
237 134 1
237 137 2
237 143 1
237 144 1
237 145 1
237 151 2
237 154 1
237 155 1
237 161 1
237 162 2
237 166 2
237 168 1
237 170 1
237 173 1
237 174 1
237 176 1
237 179 1
237 180 1
237 181 1
237 183 1
237 185 1
237 186 1
237 190 1
237 191 1
237 195 1
237 197 1
237 204 1
237 207 3
237 208 1
237 211 1
237 212 2
237 213 3
237 214 1
237 216 1
237 217 1
237 218 1
237 219 1
237 229 1
237 234 1
237 237 2
237 238 1
237 239 1
237 244 1
237 253 1
237 254 1
237 265 1
237 275 3
237 276 2
237 281 1
237 283 3
237 286 2
237 287 2
237 288 2
237 292 3
237 301 2
237 318 1
237 378 1
237 381 1
237 393 1
237 402 1
237 404 1
237 412 2
237 415 1
237 418 1
237 419 1
237 421 1
237 423 1
237 428 3
237 432 1
237 433 1
237 435 1
237 436 1
237 447 1
237 450 1
237 451 1
237 463 2
237 466 1
237 473 1
237 478 1
237 480 1
237 482 1
237 483 1
237 484 1
237 485 1
237 496 1
237 497 1
237 499 1
237 501 1
237 507 1
237 512 1
237 514 2
237 517 3
237 518 1
237 521 1
237 523 1
237 559 1
237 566 1
237 581 1
237 582 2
237 583 2
237 584 1
237 588 1
237 603 1
237 607 1
237 614 1
237 629 2
237 640 1
237 642 1
237 651 1
237 652 1
237 654 1
237 655 1
237 657 1
237 660 2
237 663 1
237 665 1
237 672 1
237 674 1
237 683 3
237 684 1
237 692 1
237 696 1
237 697 2
237 698 1
237 699 2
237 702 1
237 705 1
237 707 2
237 708 1
237 709 1
237 710 3
237 727 1
237 730 1
237 732 1
237 736 2
237 737 1
237 739 1
237 746 1
237 747 3
237 748 1
237 753 1
237 755 1
237 770 1
237 778 1
237 781 1
237 794 1
237 812 1
237 842 2
237 843 1
237 946 1
237 955 1
237 969 1
238 1 3
238 9 4
238 50 3
238 845 2
238 864 1
238 15 2
238 21 1
238 100 2
238 118 1
238 121 2
238 181 2
238 220 2
238 237 3
238 245 3
238 255 3
238 269 4
238 280 3
238 286 3
238 321 2
238 471 2
238 476 3
238 815 2
238 866 1
239 93 4
239 125 2
239 293 3
239 300 2
239 307 2
239 7 2
239 13 3
239 14 3
239 100 2
239 121 2
239 147 3
239 237 3
239 240 2
239 242 3
239 246 2
239 257 3
239 273 2
239 276 3
239 282 2
239 285 1
239 288 3
239 301 3
239 405 2
239 475 2
239 591 2
239 895 2
240 86 3
240 319 3
240 323 1
240 971 1
240 988 2
240 70 2
240 171 3
240 198 1
240 242 3
240 243 1
240 271 2
240 272 4
240 283 4
240 300 2
240 310 3
240 312 4
240 313 2
240 328 1
240 329 3
240 340 3
240 350 2
240 512 1
240 515 2
240 582 2
240 690 2
240 736 2
240 749 4
240 750 2
240 751 1
240 886 1
240 904 1
240 921 2
240 937 2
241 117 3
241 313 4
241 342 1
241 405 3
241 751 3
241 1 3
241 7 3
241 9 4
241 15 2
241 25 3
241 121 2
241 259 2
241 288 3
241 294 2
241 683 4
242 217 2
242 550 1
242 665 2
242 979 3
242 988 3
242 7 3
242 11 2
242 12 1
242 14 4
242 17 1
242 22 1
242 26 1
242 27 1
242 29 2
242 31 1
242 33 1
242 38 1
242 39 2
242 41 1
242 42 2
242 44 2
242 53 1
242 54 1
242 55 1
242 56 1
242 62 1
242 64 1
242 67 1
242 68 2
242 79 1
242 82 1
242 98 2
242 100 3
242 117 3
242 129 4
242 144 1
242 150 3
242 154 1
242 156 1
242 159 2
242 161 1
242 168 2
242 174 1
242 176 1
242 177 1
242 182 1
242 184 1
242 186 2
242 195 1
242 203 1
242 204 1
242 209 2
242 210 1
242 219 1
242 226 1
242 228 1
242 229 1
242 230 1
242 231 1
242 234 1
242 240 3
242 273 3
242 276 4
242 281 2
242 286 3
242 288 3
242 294 2
242 318 1
242 342 1
242 350 2
242 367 1
242 385 1
242 401 1
242 403 1
242 410 2
242 436 1
242 449 1
242 452 1
242 482 1
242 508 3
242 546 2
242 554 1
242 559 1
242 569 1
242 572 1
242 576 1
242 578 1
242 591 4
242 628 3
242 635 1
242 636 1
242 672 1
242 684 1
242 685 3
242 695 2
242 710 3
242 746 1
242 769 1
242 780 1
242 800 1
242 810 2
242 834 2
242 873 3
242 943 4
242 975 2
243 258 4
243 286 3
243 294 2
243 323 2
243 327 3
243 12 1
243 271 3
243 309 1
243 313 3
243 340 4
243 343 2
243 358 2
243 644 2
243 678 2
243 687 1
244 271 3
244 300 3
244 313 4
244 515 3
244 678 2
244 9 4
244 50 3
244 100 3
244 245 3
244 251 2
244 258 4
244 275 3
244 748 2
244 751 3
244 906 4
244 912 1
244 916 1
245 12 1
245 268 3
245 302 4
245 752 4
245 871 2
245 7 3
245 9 4
245 23 2
245 28 1
245 50 3
245 55 1
245 64 1
245 79 2
245 87 1
245 100 3
245 117 3
245 118 2
245 121 3
245 123 2
245 127 3
245 144 2
245 147 4
245 150 3
245 174 2
245 181 2
245 195 1
245 203 1
245 204 2
245 208 2
245 209 2
245 221 3
245 235 2
245 237 3
245 245 3
245 246 2
245 248 2
245 273 3
245 276 3
245 291 3
245 293 3
245 295 3
245 310 4
245 313 4
245 324 4
245 325 3
245 330 1
245 333 3
245 340 3
245 346 3
245 405 3
245 408 4
245 410 2
245 460 3
245 475 3
245 479 1
245 480 1
245 504 1
245 544 4
245 591 4
245 595 4
245 597 3
245 603 1
245 628 3
245 644 2
245 689 3
245 742 4
245 744 3
245 748 2
245 762 3
245 763 2
245 818 1
245 823 3
245 829 4
245 831 2
245 840 2
245 844 3
245 845 2
245 881 1
245 886 1
245 895 3
245 908 2
245 919 1
245 959 1
245 979 3
246 286 3
246 306 3
246 311 2
246 748 2
246 880 2
246 268 3
246 269 4
246 270 3
246 288 3
246 292 4
246 294 3
246 301 4
246 302 4
246 303 3
246 326 3
246 327 4
246 328 3
246 332 3
246 334 2
246 359 2
246 688 2
246 690 3
246 754 3
246 883 4
246 887 4
246 888 4
247 85 2
247 121 3
247 133 1
247 258 4
247 879 3
247 1 3
247 5 3
247 7 3
247 9 3
247 11 2
247 17 2
247 27 1
247 28 1
247 31 1
247 55 1
247 56 1
247 65 1
247 68 2
247 69 1
247 70 2
247 89 1
247 91 3
247 96 1
247 98 2
247 100 3
247 111 2
247 117 3
247 123 2
247 135 1
247 144 2
247 147 3
247 148 3
247 150 2
247 151 2
247 153 1
247 156 2
247 157 1
247 158 1
247 174 2
247 176 1
247 180 1
247 183 1
247 204 2
247 206 1
247 209 2
247 218 1
247 222 3
247 227 3
247 231 2
247 233 2
247 234 1
247 248 3
247 252 4
247 260 3
247 281 3
247 284 3
247 286 3
247 288 3
247 290 3
247 293 2
247 298 3
247 300 3
247 367 1
247 405 3
247 410 2
247 435 1
247 447 1
247 469 1
247 470 1
247 483 1
247 484 1
247 498 1
247 544 5
247 546 3
247 559 1
247 582 1
247 591 4
247 597 3
247 629 2
247 642 1
247 678 3
247 742 4
247 748 3
247 760 3
247 815 3
247 823 3
247 845 2
247 866 2
247 926 3
247 963 2
247 981 2
248 304 3
248 316 3
248 345 1
248 360 1
248 887 3
248 262 2
248 268 3
248 269 4
248 271 2
248 286 2
248 292 4
248 301 2
248 303 3
248 305 4
248 307 3
248 319 2
248 321 2
248 327 4
248 333 4
248 338 2
248 340 3
248 344 2
248 750 2
248 884 2
248 896 2
248 900 1
248 902 4
249 105 2
249 244 2
249 282 3
249 702 1
249 971 1
249 9 2
249 15 2
249 59 1
249 60 1
249 61 1
249 100 2
249 117 3
249 118 2
249 122 2
249 127 2
249 137 1
249 170 1
249 171 2
249 179 1
249 212 2
249 224 3
249 248 2
249 251 1
249 269 4
249 273 1
249 276 3
249 285 1
249 286 2
249 288 3
249 291 3
249 293 2
249 310 3
249 337 3
249 381 1
249 410 1
249 459 2
249 473 2
249 546 2
249 558 2
249 742 3
249 748 2
249 753 5
249 763 1
249 936 5
249 983 3
250 287 1
250 427 1
250 430 2
250 468 1
250 739 1
250 1 3
250 2 1
250 3 3
250 4 1
250 7 3
250 10 1
250 12 1
250 13 2
250 15 2
250 26 1
250 28 2
250 29 2
250 35 2
250 38 1
250 39 1
250 49 2
250 51 1
250 54 1
250 56 1
250 58 1
250 60 1
250 64 1
250 65 1
250 66 1
250 67 1
250 70 2
250 71 1
250 73 1
250 77 1
250 79 1
250 80 1
250 81 1
250 82 1
250 83 1
250 86 1
250 87 1
250 88 1
250 89 1
250 90 1
250 92 1
250 94 1
250 95 1
250 97 1
250 98 1
250 99 1
250 100 2
250 101 1
250 110 1
250 112 3
250 114 4
250 117 3
250 121 2
250 123 1
250 125 3
250 126 2
250 127 1
250 131 1
250 132 1
250 133 1
250 134 1
250 135 1
250 136 1
250 139 3
250 141 2
250 142 1
250 143 1
250 144 1
250 145 3
250 152 1
250 153 1
250 154 1
250 155 1
250 157 1
250 158 1
250 161 1
250 162 1
250 163 2
250 164 1
250 166 2
250 167 1
250 168 2
250 169 3
250 173 1
250 174 1
250 176 1
250 177 1
250 179 1
250 180 1
250 182 1
250 183 1
250 185 1
250 187 1
250 191 1
250 192 1
250 193 1
250 194 1
250 195 1
250 196 1
250 197 1
250 199 1
250 200 1
250 202 1
250 203 1
250 204 1
250 205 1
250 207 2
250 208 1
250 210 2
250 211 1
250 215 1
250 216 1
250 218 1
250 222 2
250 223 1
250 225 2
250 226 1
250 227 2
250 229 1
250 231 1
250 233 1
250 237 2
250 238 1
250 239 2
250 241 1
250 245 3
250 252 3
250 254 2
250 258 3
250 264 3
250 265 1
250 269 4
250 270 3
250 272 4
250 274 2
250 275 2
250 277 3
250 278 3
250 280 3
250 281 2
250 282 3
250 283 2
250 288 3
250 290 1
250 292 3
250 294 2
250 299 2
250 300 3
250 301 2
250 302 3
250 304 3
250 305 4
250 310 3
250 311 1
250 312 4
250 313 3
250 315 4
250 316 4
250 328 3
250 332 2
250 340 3
250 354 3
250 357 1
250 367 1
250 371 1
250 373 3
250 378 1
250 380 1
250 381 1
250 382 1
250 383 2
250 384 1
250 385 1
250 387 1
250 393 1
250 395 3
250 396 2
250 400 2
250 401 1
250 402 1
250 414 1
250 416 2
250 417 2
250 418 1
250 419 1
250 421 1
250 422 3
250 428 2
250 431 1
250 432 2
250 433 1
250 434 2
250 435 1
250 443 1
250 448 1
250 451 1
250 455 1
250 462 1
250 465 1
250 467 1
250 469 1
250 470 1
250 471 3
250 472 2
250 474 1
250 476 3
250 477 1
250 478 1
250 479 1
250 480 1
250 481 1
250 482 1
250 483 1
250 484 1
250 487 1
250 488 1
250 490 1
250 491 1
250 493 1
250 494 1
250 495 1
250 496 1
250 497 1
250 499 1
250 500 1
250 502 1
250 503 1
250 505 1
250 506 1
250 507 1
250 509 1
250 510 1
250 511 1
250 514 1
250 518 1
250 520 1
250 523 1
250 525 1
250 526 1
250 527 1
250 528 1
250 530 1
250 535 1
250 549 1
250 550 1
250 553 1
250 557 2
250 558 2
250 559 1
250 561 2
250 566 1
250 568 1
250 570 1
250 582 1
250 583 1
250 589 1
250 591 3
250 602 1
250 604 1
250 606 1
250 607 1
250 608 3
250 609 1
250 610 1
250 611 1
250 612 1
250 613 1
250 614 1
250 618 1
250 620 3
250 622 1
250 629 1
250 630 1
250 631 1
250 632 1
250 633 2
250 637 2
250 642 1
250 647 1
250 648 1
250 650 1
250 651 1
250 655 1
250 657 1
250 659 1
250 660 1
250 661 1
250 663 2
250 673 1
250 679 1
250 685 2
250 686 1
250 689 2
250 692 1
250 693 1
250 700 1
250 704 1
250 705 1
250 707 1
250 708 1
250 709 1
250 710 3
250 712 1
250 714 5
250 715 1
250 716 3
250 717 3
250 723 3
250 727 1
250 728 1
250 729 2
250 731 1
250 735 1
250 736 1
250 742 3
250 747 3
250 748 2
250 751 3
250 761 1
250 762 2
250 765 1
250 771 2
250 774 1
250 775 1
250 778 1
250 783 1
250 785 1
250 790 1
250 792 1
250 794 1
250 801 1
250 807 2
250 815 3
250 821 1
250 823 3
250 832 3
250 837 1
250 842 2
250 845 2
250 846 4
250 847 1
250 865 1
250 869 1
250 873 3
250 878 3
250 900 1
250 902 4
250 904 1
250 905 3
250 908 2
250 921 1
250 923 1
250 926 3
250 928 3
250 934 3
250 936 5
250 939 2
250 940 1
250 942 1
250 951 1
250 956 1
250 965 1
250 966 1
250 967 2
250 969 2
251 263 1
251 264 2
251 683 3
251 688 2
251 690 2
251 242 3
251 243 2
251 259 2
251 260 2
251 262 1
251 268 2
251 269 3
251 270 2
251 286 1
251 288 2
251 289 2
251 292 3
251 294 2
251 299 2
251 300 2
251 301 2
251 303 2
251 305 4
251 307 3
251 308 1
251 319 1
251 322 2
251 323 3
251 325 1
251 327 3
251 328 3
251 329 4
251 330 1
251 331 3
251 332 2
251 333 4
251 336 4
251 337 2
251 359 2
251 360 1
251 457 2
251 680 1
251 681 1
251 682 2
251 687 2
251 749 5
251 872 2
251 874 3
251 875 2
251 877 2
251 879 2
251 880 1
251 881 2
251 882 5
251 883 4
251 884 1
251 937 3
251 938 4
251 984 4
251 989 3
251 991 1
251 995 4
252 79 1
252 211 1
252 490 1
252 509 1
252 856 1
252 7 2
252 8 1
252 14 1
252 22 1
252 25 2
252 27 1
252 45 1
252 48 1
252 52 1
252 58 1
252 60 1
252 61 1
252 62 1
252 64 1
252 66 1
252 69 1
252 70 1
252 73 1
252 86 1
252 88 1
252 89 1
252 96 1
252 97 1
252 99 1
252 111 1
252 121 1
252 124 1
252 127 1
252 132 1
252 134 1
252 135 1
252 136 1
252 143 1
252 152 1
252 154 1
252 156 1
252 161 1
252 162 1
252 163 1
252 168 1
252 170 1
252 171 1
252 173 1
252 174 1
252 180 1
252 181 1
252 183 1
252 185 1
252 186 1
252 187 1
252 188 1
252 191 1
252 194 1
252 195 1
252 197 1
252 201 1
252 202 1
252 203 1
252 204 1
252 207 1
252 212 1
252 216 1
252 234 1
252 237 1
252 243 2
252 245 3
252 259 2
252 269 3
252 276 2
252 286 1
252 294 1
252 318 1
252 371 1
252 384 1
252 404 1
252 418 1
252 419 1
252 420 1
252 423 1
252 427 1
252 430 1
252 432 1
252 435 1
252 443 1
252 455 1
252 458 2
252 461 1
252 462 1
252 465 1
252 467 1
252 472 1
252 479 1
252 482 1
252 483 1
252 485 1
252 488 1
252 491 1
252 492 1
252 494 1
252 495 2
252 496 1
252 498 1
252 502 1
252 506 1
252 510 1
252 513 1
252 517 1
252 518 1
252 521 1
252 523 1
252 526 1
252 530 1
252 531 1
252 554 1
252 576 1
252 588 1
252 597 2
252 603 1
252 609 1
252 614 1
252 615 1
252 624 1
252 631 1
252 636 1
252 641 1
252 648 1
252 654 1
252 659 1
252 660 1
252 684 1
252 729 1
252 736 1
252 780 1
252 781 1
252 792 1
252 805 1
252 815 2
252 863 1
252 874 2
252 924 2
252 947 1
252 969 3
252 971 1
253 77 1
253 184 1
253 214 2
253 223 1
253 234 1
253 3 1
253 4 1
253 7 1
253 9 1
253 11 1
253 12 1
253 17 1
253 22 1
253 24 1
253 33 1
253 42 1
253 48 1
253 49 1
253 50 1
253 53 1
253 59 1
253 68 1
253 69 1
253 73 1
253 79 1
253 80 1
253 93 1
253 94 1
253 97 1
253 98 1
253 100 1
253 117 1
253 122 2
253 125 2
253 132 1
253 143 1
253 154 1
253 156 1
253 157 1
253 158 1
253 164 1
253 168 1
253 172 1
253 174 1
253 181 1
253 186 1
253 188 1
253 196 1
253 204 1
253 210 1
253 231 1
253 233 1
253 238 1
253 239 1
253 246 1
253 248 1
253 254 1
253 258 2
253 268 1
253 276 1
253 288 2
253 298 1
253 318 1
253 354 3
253 356 1
253 357 1
253 364 1
253 367 1
253 369 1
253 384 1
253 385 1
253 393 1
253 401 1
253 402 1
253 410 1
253 412 1
253 416 1
253 421 1
253 423 1
253 424 1
253 427 1
253 456 2
253 471 2
253 475 1
253 476 1
253 496 1
253 508 1
253 509 1
253 515 1
253 550 1
253 552 1
253 566 1
253 568 1
253 578 1
253 586 1
253 591 1
253 628 2
253 651 1
253 655 1
253 684 1
253 693 1
253 697 1
253 717 2
253 721 1
253 742 2
253 871 1
253 959 1
253 963 1
253 975 1
254 193 1
254 194 1
254 404 1
254 454 1
254 961 1
254 1 1
254 11 1
254 12 1
254 15 1
254 22 1
254 28 1
254 50 1
254 51 1
254 55 1
254 56 1
254 58 1
254 66 1
254 69 1
254 70 1
254 73 1
254 76 1
254 77 1
254 79 1
254 82 1
254 87 1
254 88 1
254 89 1
254 96 1
254 97 1
254 98 1
254 99 1
254 100 1
254 107 1
254 114 2
254 117 1
254 118 1
254 121 1
254 124 1
254 131 1
254 133 1
254 134 1
254 136 1
254 143 1
254 144 1
254 153 1
254 161 1
254 162 1
254 164 1
254 169 1
254 172 1
254 173 1
254 174 1
254 181 1
254 182 1
254 185 1
254 191 1
254 195 1
254 196 1
254 197 1
254 199 1
254 202 1
254 203 1
254 204 1
254 210 1
254 211 1
254 215 1
254 222 1
254 228 1
254 234 1
254 237 1
254 245 2
254 248 1
254 250 1
254 255 1
254 257 1
254 258 1
254 259 1
254 260 2
254 270 1
254 272 3
254 277 1
254 279 1
254 286 1
254 289 1
254 293 1
254 300 1
254 310 2
254 315 3
254 316 3
254 317 1
254 318 1
254 322 1
254 323 2
254 326 2
254 356 1
254 357 1
254 378 1
254 385 1
254 392 1
254 414 1
254 418 1
254 419 1
254 423 1
254 427 1
254 431 1
254 434 1
254 435 1
254 451 1
254 465 1
254 468 1
254 474 1
254 478 1
254 479 1
254 482 1
254 483 1
254 484 1
254 485 1
254 487 1
254 490 1
254 492 1
254 493 1
254 496 1
254 497 1
254 507 1
254 509 1
254 519 1
254 520 1
254 526 1
254 528 1
254 531 1
254 566 1
254 568 1
254 603 1
254 605 1
254 607 1
254 610 1
254 612 1
254 614 1
254 627 1
254 631 1
254 633 1
254 642 1
254 649 1
254 651 1
254 654 1
254 655 1
254 657 1
254 659 1
254 660 1
254 661 1
254 678 1
254 685 1
254 686 1
254 692 1
254 693 1
254 694 1
254 705 1
254 707 1
254 724 1
254 735 1
254 736 1
254 740 1
254 742 1
254 746 1
254 836 1
254 837 1
254 842 1
254 873 2
254 875 1
254 879 1
254 939 1
254 945 1
254 956 1
254 968 5
255 65 1
255 89 1
255 173 1
255 298 1
255 549 1
255 1 1
255 2 1
255 4 1
255 7 1
255 8 1
255 9 1
255 12 1
255 14 1
255 17 1
255 20 1
255 24 1
255 25 1
255 31 1
255 39 1
255 40 1
255 42 1
255 44 1
255 47 1
255 53 1
255 56 1
255 57 1
255 58 1
255 64 1
255 69 1
255 70 1
255 71 1
255 87 1
255 95 1
255 96 1
255 97 1
255 98 1
255 100 1
255 118 1
255 123 1
255 125 1
255 126 1
255 127 1
255 135 1
255 148 1
255 161 1
255 170 1
255 174 1
255 176 1
255 191 1
255 196 1
255 197 1
255 204 1
255 214 1
255 217 1
255 222 1
255 223 1
255 228 1
255 234 1
255 237 1
255 241 1
255 245 2
255 252 1
255 255 1
255 257 1
255 265 1
255 270 1
255 275 1
255 276 1
255 277 1
255 279 1
255 281 1
255 282 1
255 288 1
255 289 1
255 291 1
255 292 2
255 293 1
255 300 1
255 301 1
255 304 1
255 307 2
255 313 1
255 317 1
255 318 1
255 321 1
255 323 1
255 334 1
255 343 1
255 380 1
255 382 1
255 393 1
255 402 1
255 405 1
255 423 1
255 428 1
255 447 1
255 455 1
255 462 1
255 465 1
255 471 1
255 475 1
255 504 1
255 508 1
255 511 1
255 515 1
255 518 1
255 529 1
255 531 1
255 582 1
255 584 1
255 591 1
255 597 1
255 627 1
255 628 1
255 629 1
255 647 1
255 660 1
255 678 1
255 692 1
255 694 1
255 709 1
255 724 1
255 727 1
255 738 1
255 747 1
255 755 1
255 778 1
255 898 1
255 934 1
255 939 1
256 99 1
256 180 1
256 208 1
256 216 1
256 447 1
256 1 1
256 3 1
256 4 1
256 9 1
256 12 1
256 13 1
256 22 1
256 23 1
256 32 1
256 42 1
256 46 2
256 50 1
256 53 1
256 54 1
256 57 1
256 60 1
256 61 1
256 68 1
256 69 1
256 71 1
256 79 1
256 80 1
256 86 1
256 91 1
256 92 1
256 95 1
256 97 1
256 100 1
256 101 1
256 111 1
256 121 1
256 125 1
256 127 1
256 133 1
256 135 1
256 143 1
256 161 1
256 168 1
256 170 1
256 172 1
256 174 1
256 175 1
256 177 1
256 179 1
256 181 1
256 182 1
256 185 1
256 186 1
256 187 1
256 188 1
256 194 1
256 196 1
256 197 1
256 200 1
256 202 1
256 210 1
256 211 1
256 218 1
256 222 1
256 226 1
256 228 1
256 231 1
256 232 1
256 234 1
256 238 1
256 268 1
256 273 1
256 274 1
256 282 1
256 286 1
256 294 1
256 325 1
256 346 2
256 357 1
256 366 1
256 369 1
256 380 1
256 403 1
256 410 1
256 414 1
256 419 1
256 421 1
256 423 1
256 427 1
256 431 1
256 432 1
256 433 1
256 443 1
256 448 1
256 449 1
256 452 1
256 460 1
256 461 1
256 462 1
256 474 1
256 475 1
256 479 1
256 484 1
256 490 1
256 498 1
256 505 1
256 506 1
256 508 1
256 523 1
256 546 1
256 559 1
256 568 1
256 578 1
256 581 1
256 582 1
256 603 1
256 608 1
256 616 1
256 640 1
256 655 1
256 658 1
256 660 1
256 662 1
256 672 1
256 673 1
256 693 1
256 696 1
256 708 1
256 710 1
256 715 1
256 720 1
256 721 1
256 737 1
256 743 1
256 763 1
256 789 1
256 806 1
256 818 1
256 845 1
256 864 1
256 919 1
256 922 1
256 933 1
256 943 1
256 955 1
256 959 1
256 963 1
256 979 1
256 985 1
257 22 1
257 111 1
257 223 1
257 228 1
257 554 1
257 4 1
257 7 1
257 8 1
257 9 1
257 11 1
257 12 1
257 14 1
257 15 1
257 20 1
257 27 1
257 31 1
257 38 1
257 44 1
257 45 1
257 48 1
257 50 1
257 51 1
257 52 1
257 53 1
257 54 1
257 56 1
257 57 1
257 58 1
257 59 1
257 62 1
257 64 1
257 65 1
257 66 1
257 70 1
257 77 1
257 79 1
257 82 1
257 83 1
257 86 1
257 89 1
257 91 1
257 94 1
257 96 1
257 97 1
257 100 1
257 105 1
257 114 2
257 117 1
257 118 1
257 122 1
257 127 1
257 132 1
257 134 1
257 137 1
257 143 1
257 144 1
257 148 1
257 151 1
257 155 1
257 156 1
257 157 1
257 161 1
257 162 1
257 164 1
257 168 1
257 172 1
257 173 1
257 174 1
257 176 1
257 180 1
257 181 1
257 182 1
257 183 1
257 185 1
257 186 1
257 190 1
257 191 1
257 192 1
257 193 1
257 194 1
257 195 1
257 196 1
257 197 1
257 200 1
257 203 1
257 204 1
257 209 1
257 214 1
257 215 1
257 216 1
257 218 1
257 219 1
257 226 1
257 229 1
257 230 1
257 231 1
257 232 1
257 234 1
257 235 1
257 237 1
257 239 1
257 240 1
257 241 1
257 243 1
257 248 1
257 257 1
257 258 1
257 265 1
257 282 1
257 285 1
257 288 1
257 304 1
257 318 1
257 357 1
257 366 1
257 370 1
257 372 1
257 373 1
257 378 1
257 380 1
257 385 1
257 393 1
257 395 1
257 401 1
257 402 1
257 403 1
257 405 1
257 410 1
257 411 1
257 412 1
257 417 1
257 425 1
257 428 1
257 436 1
257 443 1
257 448 1
257 450 1
257 452 1
257 453 1
257 455 1
257 456 1
257 458 1
257 462 1
257 469 1
257 470 1
257 471 1
257 472 1
257 473 1
257 474 1
257 476 1
257 483 1
257 500 1
257 507 1
257 509 1
257 527 1
257 529 1
257 531 1
257 540 1
257 546 1
257 549 1
257 553 1
257 559 1
257 566 1
257 568 1
257 582 1
257 584 1
257 588 1
257 597 1
257 623 1
257 628 1
257 629 1
257 631 1
257 632 1
257 636 1
257 640 1
257 651 1
257 655 1
257 658 1
257 664 1
257 673 1
257 679 1
257 692 1
257 699 1
257 704 2
257 708 1
257 709 1
257 717 1
257 720 1
257 722 1
257 727 1
257 729 1
257 732 1
257 739 1
257 742 1
257 744 1
257 747 1
257 755 1
257 756 1
257 758 1
257 769 1
257 770 1
257 775 1
257 783 1
257 792 1
257 819 1
257 825 1
257 841 1
257 845 1
257 871 1
257 931 1
257 934 1
257 948 2
257 949 1
257 959 1
257 980 1
258 187 1
258 289 1
258 461 1
258 596 1
258 744 1
258 8 1
258 9 1
258 12 1
258 13 1
258 14 1
258 20 1
258 23 1
258 25 1
258 28 1
258 32 1
258 48 1
258 50 1
258 57 1
258 58 1
258 86 1
258 96 1
258 98 1
258 117 1
258 121 1
258 124 1
258 126 1
258 127 1
258 129 1
258 134 1
258 143 1
258 144 1
258 147 1
258 152 1
258 169 1
258 174 1
258 178 1
258 179 1
258 180 1
258 181 1
258 182 1
258 183 1
258 189 1
258 190 1
258 191 1
258 192 1
258 193 1
258 195 1
258 203 1
258 208 1
258 209 1
258 234 1
258 237 1
258 238 1
258 245 2
258 250 1
258 255 1
258 273 1
258 278 1
258 282 1
258 283 1
258 284 1
258 285 1
258 286 1
258 287 1
258 288 1
258 293 1
258 298 1
258 301 1
258 304 1
258 307 1
258 317 1
258 318 1
258 319 1
258 321 1
258 330 2
258 333 2
258 346 2
258 357 1
258 387 1
258 405 1
258 408 2
258 410 1
258 423 1
258 425 1
258 427 1
258 430 1
258 467 1
258 469 1
258 473 1
258 474 1
258 496 1
258 509 1
258 514 1
258 517 1
258 521 1
258 526 1
258 529 1
258 530 1
258 546 1
258 582 1
258 588 1
258 589 1
258 591 1
258 597 1
258 603 1
258 632 1
258 644 1
258 648 1
258 651 1
258 654 1
258 663 1
258 685 1
258 694 1
258 696 1
258 704 1
258 709 1
258 717 1
258 736 1
258 742 1
258 750 1
258 753 2
258 792 1
258 844 1
258 847 1
258 896 1
258 925 1
258 939 1
258 952 1
258 956 2
258 980 1
259 79 1
259 252 1
259 260 1
259 274 1
259 993 1
259 1 1
259 3 1
259 7 1
259 8 1
259 15 1
259 16 1
259 19 1
259 22 1
259 25 1
259 100 1
259 108 1
259 111 1
259 117 1
259 120 1
259 121 1
259 123 1
259 134 1
259 147 1
259 148 1
259 164 1
259 172 1
259 174 1
259 181 1
259 194 1
259 216 1
259 220 1
259 222 1
259 225 1
259 230 1
259 245 1
259 249 1
259 250 1
259 255 1
259 258 1
259 264 1
259 278 2
259 282 1
259 286 1
259 289 1
259 291 1
259 295 1
259 300 1
259 301 1
259 322 1
259 323 1
259 328 1
259 332 1
259 333 2
259 336 3
259 357 1
259 358 1
259 411 1
259 472 1
259 473 1
259 523 1
259 546 1
259 568 1
259 596 1
259 597 1
259 651 1
259 676 1
259 678 1
259 685 1
259 687 1
259 742 1
259 748 1
259 815 1
259 825 1
259 827 1
259 832 1
259 846 1
259 864 1
259 866 1
259 873 2
259 879 1
259 934 1
259 969 1
259 978 1
259 989 1
260 149 1
260 285 2
260 293 2
260 313 3
260 847 1
260 1 1
260 7 1
260 10 1
260 14 1
260 20 1
260 117 1
260 127 1
260 129 1
260 146 1
260 221 1
260 224 2
260 242 3
260 248 1
260 250 1
260 253 2
260 257 1
260 258 1
260 273 1
260 275 1
260 276 1
260 279 1
260 286 2
260 289 1
260 294 1
260 297 1
260 301 1
260 302 3
260 303 2
260 307 3
260 311 3
260 322 1
260 327 2
260 458 1
260 515 1
260 532 1
260 591 1
260 676 1
260 713 2
260 744 1
261 9 3
261 50 2
261 259 1
261 313 3
261 321 2
261 121 1
261 158 1
261 242 3
261 255 2
261 269 3
261 285 1
261 302 3
261 304 1
261 319 2
261 347 1
261 682 1
262 272 4
262 310 4
262 315 3
262 323 1
262 330 1
262 11 1
262 22 1
262 100 1
262 136 1
262 237 1
262 259 1
262 271 1
262 288 2
262 289 1
262 292 2
262 300 2
262 313 2
262 321 2
262 332 2
262 358 1
262 678 1
262 682 1
262 866 1
262 895 2
263 13 1
263 21 1
263 310 3
263 410 1
263 813 2
263 3 1
263 7 1
263 10 1
263 14 2
263 15 1
263 20 1
263 24 1
263 50 1
263 93 1
263 100 1
263 103 1
263 107 1
263 112 1
263 116 1
263 117 1
263 121 1
263 124 1
263 126 1
263 127 1
263 137 1
263 147 2
263 149 1
263 150 1
263 151 1
263 221 1
263 224 3
263 225 1
263 235 1
263 242 2
263 243 1
263 244 1
263 248 1
263 249 1
263 250 1
263 253 3
263 257 1
263 258 1
263 268 2
263 270 1
263 274 1
263 282 1
263 283 1
263 284 1
263 285 1
263 288 1
263 301 2
263 304 1
263 306 1
263 311 3
263 319 2
263 347 1
263 362 1
263 455 1
263 472 1
263 473 1
263 475 1
263 477 1
263 508 2
263 544 3
263 593 1
263 596 1
263 597 1
263 689 1
263 741 1
263 744 1
263 751 1
263 819 1
263 845 1
263 864 1
263 870 1
263 880 1
263 887 1
263 926 1
263 930 1
263 950 3
263 952 3
263 988 1
263 993 1
264 264 1
264 294 1
264 302 3
264 326 2
264 984 2
264 16 1
264 116 1
264 176 1
264 181 1
264 194 1
264 248 1
264 258 1
264 260 1
264 269 3
264 286 2
264 289 1
264 293 1
264 298 1
264 300 1
264 301 2
264 321 2
264 322 1
264 328 1
264 333 2
264 358 1
264 482 1
264 603 1
264 678 1
264 705 1
264 709 1
264 748 1
264 879 1
265 50 3
265 216 1
265 477 2
265 511 1
265 525 1
265 1 2
265 7 2
265 8 1
265 12 1
265 22 1
265 28 1
265 32 1
265 56 1
265 64 1
265 87 1
265 97 1
265 100 2
265 109 1
265 114 5
265 132 2
265 134 1
265 136 1
265 143 1
265 154 1
265 169 3
265 172 1
265 174 1
265 175 1
265 179 1
265 180 1
265 181 2
265 190 1
265 191 2
265 194 1
265 198 1
265 199 1
265 202 1
265 257 2
265 258 2
265 283 3
265 286 3
265 300 2
265 318 1
265 319 3
265 395 1
265 404 1
265 423 1
265 428 1
265 474 1
265 475 3
265 478 1
265 481 1
265 496 1
265 529 1
265 584 1
265 588 1
265 603 1
265 615 1
265 638 2
265 651 1
265 656 1
265 705 1
265 855 1
266 68 1
266 82 2
266 172 3
266 176 3
266 344 1
266 2 1
266 11 3
266 22 1
266 24 2
266 27 1
266 50 4
266 55 2
266 56 2
266 62 1
266 79 2
266 87 1
266 89 3
266 95 1
266 96 2
266 98 3
266 117 3
266 127 3
266 128 1
266 144 3
266 174 3
266 181 4
266 182 2
266 183 3
266 184 2
266 187 2
266 188 2
266 210 2
266 231 2
266 232 1
266 258 3
266 265 2
266 268 4
266 269 4
266 273 3
266 288 3
266 292 3
266 294 3
266 302 4
266 306 2
266 308 3
266 313 3
266 315 3
266 321 3
266 324 4
266 326 2
266 327 4
266 328 3
266 331 4
266 333 3
266 334 2
266 346 3
266 349 3
266 350 4
266 354 4
266 357 2
266 385 2
266 405 3
266 455 1
266 518 1
266 546 2
266 550 1
266 566 1
266 568 1
266 651 1
266 682 1
266 748 2
266 873 3
266 882 4
266 885 4
266 898 2
266 902 4
266 908 2
266 995 3
267 1 4
267 117 4
267 124 3
267 257 4
267 288 4
267 7 4
267 10 3
267 24 4
267 50 5
267 93 3
267 100 4
267 108 4
267 109 4
267 150 5
267 240 4
267 246 5
267 248 4
267 249 4
267 264 4
267 268 4
267 269 5
267 273 4
267 276 4
267 298 4
267 327 4
267 340 4
267 455 3
267 475 5
267 742 4
267 762 3
267 919 3
268 12 3
268 249 4
268 275 4
268 372 2
268 461 2
268 1 5
268 4 2
268 7 5
268 8 3
268 13 4
268 15 3
268 19 2
268 22 3
268 23 5
268 25 4
268 31 3
268 39 4
268 42 4
268 47 3
268 51 3
268 56 4
268 58 2
268 69 3
268 70 3
268 71 3
268 95 3
268 96 4
268 97 2
268 98 4
268 100 5
268 111 4
268 116 3
268 118 4
268 121 4
268 126 4
268 132 4
268 137 4
268 144 4
268 150 5
268 153 2
268 157 3
268 159 2
268 160 4
268 170 3
268 172 5
268 173 4
268 178 3
268 180 2
268 181 5
268 182 4
268 191 3
268 192 2
268 195 4
268 200 4
268 209 4
268 214 4
268 216 3
268 222 4
268 238 3
268 246 5
268 251 2
268 257 4
268 258 4
268 273 4
268 283 4
268 285 3
268 293 5
268 294 4
268 297 3
268 318 2
268 321 4
268 357 3
268 367 3
268 377 2
268 405 4
268 411 3
268 423 3
268 427 2
268 428 3
268 435 2
268 462 3
268 469 3
268 471 4
268 475 5
268 498 2
268 507 3
268 529 3
268 544 5
268 582 3
268 603 3
268 612 3
268 642 4
268 655 2
268 662 2
268 692 2
268 699 3
268 724 4
268 742 4
268 826 3
268 856 3
268 926 3
268 952 5
269 10 4
269 173 5
269 474 5
269 499 3
269 513 4
269 64 4
269 65 4
269 127 5
269 134 5
269 136 3
269 153 4
269 194 4
269 199 4
269 215 3
269 286 4
269 306 3
269 483 4
269 484 2
269 490 1
269 495 5
269 507 4
269 511 4
269 520 4
269 530 4
269 582 4
269 605 4
269 610 3
269 611 3
269 641 1
269 654 5
269 656 5
269 705 4
269 855 4
269 923 4
270 137 5
270 246 5
270 268 5
270 288 4
270 847 5
270 1 5
270 7 5
270 9 5
270 13 5
270 19 4
270 50 5
270 93 4
270 100 5
270 118 5
270 125 4
270 150 5
270 181 5
270 221 5
270 235 4
270 248 5
270 257 5
270 258 5
270 276 5
270 283 5
270 284 4
270 285 5
270 286 5
270 293 5
270 294 4
270 295 5
270 360 3
270 458 4
270 471 5
270 475 5
270 508 5
270 544 5
270 546 4
270 813 5
270 824 3
270 919 5
270 950 4
270 952 5
271 102 4
271 151 5
271 422 5
271 465 4
271 588 5
271 1 5
271 8 5
271 50 5
271 94 4
271 95 4
271 99 5
271 140 4
271 225 4
271 404 5
271 418 5
271 477 3
271 501 4
271 596 4
271 768 3
271 878 3
271 932 3
271 969 4
272 455 4
272 540 2
272 658 5
272 682 3
272 748 4
272 1 5
272 2 4
272 3 4
272 4 4
272 7 5
272 11 5
272 12 5
272 21 3
272 24 5
272 27 4
272 28 4
272 29 4
272 33 5
272 38 4
272 41 3
272 43 3
272 49 5
272 51 4
272 56 5
272 63 4
272 64 5
272 66 5
272 68 4
272 69 5
272 71 5
272 72 4
272 73 3
272 78 4
272 79 5
272 80 4
272 82 5
272 88 4
272 90 4
272 94 4
272 97 4
272 99 5
272 101 4
272 109 5
272 117 5
272 118 5
272 120 3
272 121 5
272 122 3
272 123 5
272 132 5
272 135 4
272 141 5
272 151 5
272 161 4
272 168 4
272 172 5
272 173 5
272 174 5
272 175 4
272 177 5
272 181 5
272 183 5
272 185 5
272 186 5
272 193 5
272 195 5
272 196 4
272 204 5
272 210 5
272 215 4
272 217 4
272 218 5
272 226 4
272 228 5
272 229 4
272 232 4
272 233 4
272 234 5
272 239 4
272 240 5
272 250 5
272 254 4
272 255 4
272 258 5
272 260 4
272 271 4
272 288 4
272 313 5
272 318 4
272 323 3
272 343 3
272 355 5
272 358 4
272 362 4
272 365 2
272 368 4
272 370 4
272 373 5
272 374 5
272 375 1
272 378 3
272 380 4
272 384 5
272 386 4
272 391 4
272 392 4
272 393 4
272 395 4
272 400 3
272 401 4
272 404 5
272 411 4
272 416 3
272 417 4
272 418 5
272 431 4
272 443 5
272 449 4
272 465 4
272 473 4
272 475 5
272 477 3
272 485 4
272 496 5
272 501 5
272 541 4
272 546 4
272 548 4
272 550 4
272 552 5
272 559 4
272 561 3
272 562 4
272 567 3
272 568 5
272 569 4
272 576 4
272 577 4
272 578 4
272 584 4
272 588 5
272 597 4
272 609 4
272 625 5
272 633 4
272 655 4
272 665 4
272 672 4
272 685 5
272 689 4
272 715 4
272 720 4
272 739 4
272 742 5
272 743 4
272 746 5
272 747 5
272 751 4
272 755 4
272 756 4
272 758 3
272 760 4
272 763 4
272 768 3
272 771 3
272 780 4
272 790 4
272 796 4
272 810 4
272 826 4
272 834 3
272 877 4
272 890 4
272 895 5
272 924 5
272 928 4
272 930 4
272 931 3
272 940 4
272 946 5
272 951 4
272 977 3
273 256 5
273 268 5
273 273 5
273 321 5
273 508 5
273 7 5
273 9 5
273 10 4
273 14 4
273 25 5
273 116 4
273 124 3
273 129 5
273 137 4
273 242 5
273 257 5
273 275 3
273 276 5
273 293 5
273 302 5
273 303 4
273 319 4
273 327 5
273 547 4
273 813 4
274 199 5
274 209 4
274 286 5
274 510 4
274 617 2
274 7 5
274 8 5
274 11 5
274 12 5
274 13 5
274 14 5
274 15 5
274 22 5
274 23 5
274 26 5
274 42 5
274 44 5
274 45 3
274 48 4
274 50 5
274 52 5
274 58 4
274 60 5
274 61 5
274 64 5
274 66 5
274 68 5
274 69 5
274 70 5
274 71 5
274 72 5
274 73 4
274 76 5
274 77 5
274 79 5
274 83 4
274 86 2
274 87 4
274 88 5
274 89 5
274 92 5
274 97 5
274 98 5
274 99 5
274 100 5
274 107 5
274 116 4
274 117 5
274 121 5
274 131 4
274 132 5
274 134 5
274 135 4
274 136 3
274 141 5
274 150 5
274 161 5
274 168 4
274 170 5
274 171 4
274 172 5
274 173 5
274 175 4
274 176 5
274 178 5
274 179 4
274 180 3
274 181 5
274 182 5
274 183 5
274 191 5
274 192 4
274 193 5
274 194 5
274 195 5
274 196 5
274 198 5
274 203 5
274 205 2
274 207 5
274 208 4
274 210 5
274 211 3
274 212 3
274 215 4
274 216 5
274 218 5
274 221 5
274 227 5
274 230 5
274 234 5
274 237 5
274 238 5
274 244 5
274 248 5
274 252 5
274 257 5
274 258 5
274 265 5
274 274 5
274 275 4
274 276 5
274 282 5
274 283 5
274 285 5
274 288 5
274 289 4
274 291 4
274 293 5
274 298 5
274 302 5
274 313 5
274 315 5
274 316 5
274 317 3
274 322 4
274 326 5
274 346 4
274 356 4
274 380 4
274 382 4
274 385 5
274 410 5
274 414 4
274 416 3
274 418 5
274 419 5
274 430 5
274 434 4
274 435 4
274 436 5
274 461 5
274 462 4
274 463 5
274 470 5
274 474 5
274 475 5
274 478 5
274 480 5
274 481 4
274 483 5
274 484 3
274 486 4
274 488 4
274 489 3
274 490 1
274 491 4
274 493 1
274 495 5
274 496 5
274 497 5
274 498 4
274 499 3
274 503 4
274 506 4
274 507 4
274 508 5
274 511 5
274 513 4
274 514 3
274 517 3
274 518 4
274 519 5
274 520 5
274 521 3
274 525 1
274 526 4
274 527 5
274 528 4
274 529 4
274 530 4
274 553 4
274 566 5
274 584 5
274 591 5
274 601 5
274 602 4
274 603 5
274 604 4
274 605 3
274 607 5
274 610 5
274 614 5
274 615 3
274 618 3
274 628 5
274 633 4
274 641 1
274 642 5
274 646 5
274 648 5
274 649 5
274 651 5
274 653 5
274 657 5
274 659 3
274 660 4
274 661 4
274 664 4
274 676 5
274 684 5
274 685 5
274 692 4
274 696 5
274 697 5
274 699 4
274 705 4
274 707 5
274 708 3
274 709 5
274 735 3
274 736 3
274 744 4
274 756 5
274 789 5
274 792 3
274 836 5
274 848 5
274 921 5
274 923 3
274 939 5
274 943 5
274 945 5
274 963 5
274 966 5
274 971 4
274 996 4
275 50 5
275 315 5
275 316 5
275 347 5
275 902 5
275 70 5
275 100 5
275 127 5
275 259 4
275 286 5
275 313 5
275 381 5
276 42 5
276 85 5
276 194 5
276 208 5
276 585 5
276 4 5
276 26 5
276 33 5
276 56 5
276 63 5
276 67 5
276 72 5
276 73 5
276 80 5
276 83 5
276 88 5
276 168 5
276 173 5
276 175 5
276 186 5
276 202 5
276 204 5
276 209 5
276 211 5
276 216 5
276 232 5
276 238 5
276 239 5
276 288 5
276 294 5
276 300 5
276 328 5
276 343 5
276 367 5
276 386 5
276 435 5
276 579 5
276 648 5
276 655 5
276 692 5
276 710 5
276 712 5
276 715 5
276 734 5
276 738 5
276 748 5
276 765 5
276 781 5
276 790 5
276 792 5
276 890 5
276 944 5
276 999 5
277 15 5
277 280 5
277 724 5
277 778 5
277 815 5
277 20 5
277 25 5
277 36 4
277 49 5
277 88 5
277 90 5
277 237 5
277 255 5
277 282 5
277 289 5
277 294 5
277 369 5
277 553 5
277 709 5
277 722 5
277 731 5
277 732 5
277 756 5
277 781 5
277 846 5
278 41 4
278 137 5
278 168 5
278 496 5
278 739 5
278 1 5
278 7 5
278 17 5
278 23 5
278 26 5
278 28 5
278 40 5
278 42 5
278 48 5
278 50 5
278 65 5
278 69 5
278 72 5
278 77 5
278 79 5
278 81 5
278 93 5
278 98 5
278 111 5
278 122 4
278 134 5
278 143 5
278 145 4
278 151 5
278 160 5
278 161 5
278 188 5
278 196 5
278 216 5
278 218 5
278 219 5
278 222 5
278 231 5
278 237 5
278 238 5
278 255 5
278 276 5
278 282 5
278 288 5
278 300 5
278 318 5
278 327 5
278 340 5
278 350 5
278 354 5
278 357 5
278 367 5
278 369 5
278 381 5
278 392 5
278 403 5
278 410 5
278 412 4
278 427 5
278 447 5
278 451 5
278 467 5
278 469 5
278 518 5
278 568 5
278 591 5
278 604 5
278 616 3
278 655 5
278 658 5
278 673 5
278 684 5
278 743 5
278 763 5
278 843 5
278 866 5
278 959 5
278 975 5
279 226 5
279 283 5
279 318 5
279 324 5
279 500 5
279 1 5
279 8 5
279 24 5
279 28 5
279 31 5
279 50 5
279 54 5
279 55 5
279 58 5
279 66 5
279 70 5
279 71 5
279 79 5
279 82 5
279 88 5
279 89 5
279 95 5
279 96 5
279 97 5
279 100 5
279 101 5
279 108 5
279 111 5
279 117 5
279 118 5
279 121 5
279 122 4
279 127 5
279 133 5
279 135 5
279 144 5
279 147 5
279 148 5
279 153 5
279 161 5
279 164 5
279 168 5
279 172 5
279 173 5
279 174 5
279 175 5
279 176 5
279 177 5
279 179 5
279 180 5
279 181 5
279 182 5
279 183 5
279 185 5
279 187 5
279 188 5
279 189 5
279 190 5
279 195 5
279 197 5
279 198 5
279 201 5
279 204 5
279 209 5
279 210 5
279 211 5
279 213 5
279 215 5
279 216 5
279 228 5
279 230 5
279 241 5
279 248 5
279 249 5
279 255 5
279 257 5
279 258 5
279 261 3
279 264 5
279 265 5
279 266 4
279 270 5
279 272 5
279 274 5
279 281 5
279 282 5
279 286 5
279 288 5
279 294 5
279 295 5
279 298 5
279 300 5
279 304 5
279 325 5
279 328 5
279 356 5
279 358 5
279 380 5
279 385 5
279 398 5
279 405 5
279 421 5
279 422 5
279 423 5
279 436 5
279 455 5
279 463 5
279 472 5
279 479 5
279 483 5
279 489 5
279 510 5
279 511 5
279 523 5
279 526 5
279 528 5
279 535 5
279 546 5
279 566 5
279 588 5
279 602 5
279 604 5
279 616 4
279 629 5
279 632 5
279 640 5
279 651 5
279 655 5
279 680 4
279 688 4
279 692 5
279 727 4
279 732 5
279 739 5
279 748 5
279 751 5
279 752 5
279 840 5
279 879 5
279 931 4
279 945 5
280 166 4
280 203 5
280 209 5
280 294 5
280 319 4
280 8 5
280 12 5
280 64 5
280 89 5
280 96 5
280 100 5
280 114 5
280 127 5
280 165 5
280 172 5
280 174 5
280 175 5
280 183 5
280 190 5
280 191 5
280 213 5
280 234 5
280 237 5
280 257 5
280 258 5
280 265 5
280 272 5
280 298 5
280 347 5
280 462 5
280 479 5
280 483 5
280 504 5
280 510 5
280 511 5
280 517 5
280 603 5
280 615 5
280 642 5
280 661 5
280 705 5
280 863 5
281 98 5
281 238 5
281 435 5
281 514 5
281 596 5
281 4 5
281 42 5
281 50 5
281 66 5
281 70 5
281 86 5
281 100 5
281 153 5
281 163 5
281 173 5
281 190 5
281 197 5
281 204 5
281 207 5
281 210 5
281 216 5
281 283 5
281 313 5
281 318 5
281 322 5
281 367 5
281 427 5
281 430 5
281 479 5
281 484 5
281 505 5
281 507 5
281 524 5
281 648 5
281 650 5
281 659 5
281 678 5
281 692 5
281 780 5
282 50 5
282 289 5
282 301 5
282 321 5
282 748 5
282 127 5
282 257 5
282 269 5
282 288 5
282 295 5
282 298 5
282 311 4
282 315 5
282 346 5
282 876 4
282 881 5
282 988 5
283 144 5
283 181 5
283 237 5
283 249 5
283 432 5
283 1 5
283 12 5
283 20 5
283 99 5
283 107 5
283 109 5
283 116 5
283 121 5
283 151 5
283 180 5
283 195 5
283 197 5
283 199 5
283 229 5
283 230 5
283 250 5
283 257 5
283 270 5
283 271 5
283 274 5
283 275 5
283 277 5
283 286 5
283 290 5
283 313 5
283 318 5
283 365 5
283 380 5
283 405 5
283 449 5
283 450 5
283 462 5
283 480 5
283 538 5
283 582 5
283 612 5
283 743 5
283 900 5
284 228 5
284 230 5
284 239 5
284 265 5
284 755 5
284 1 5
284 7 5
284 9 5
284 15 5
284 24 5
284 25 5
284 28 5
284 29 5
284 50 5
284 51 5
284 53 5
284 56 5
284 69 5
284 70 5
284 71 5
284 73 5
284 79 5
284 82 5
284 94 5
284 96 5
284 97 5
284 98 5
284 111 5
284 122 5
284 135 5
284 136 5
284 141 5
284 143 5
284 144 5
284 150 5
284 151 5
284 168 5
284 173 5
284 174 5
284 181 5
284 195 5
284 202 5
284 204 5
284 216 5
284 222 5
284 227 5
284 229 5
284 234 5
284 235 5
284 237 5
284 248 5
284 250 5
284 252 5
284 255 5
284 257 5
284 258 5
284 274 5
284 275 5
284 293 5
284 294 5
284 300 5
284 313 5
284 315 5
284 318 5
284 343 5
284 385 5
284 392 5
284 399 5
284 405 5
284 419 5
284 422 5
284 427 5
284 431 5
284 449 5
284 451 5
284 463 5
284 472 5
284 510 5
284 550 5
284 554 5
284 560 5
284 562 5
284 568 5
284 578 5
284 588 5
284 597 5
284 625 5
284 651 5
284 655 5
284 665 5
284 679 5
284 692 5
284 699 5
284 746 5
284 778 5
284 823 5
284 829 5
284 849 5
284 879 5
284 924 5
284 926 5
285 245 5
285 294 5
285 328 5
285 341 5
285 538 5
285 288 5
285 289 5
285 303 5
285 307 5
285 313 5
285 319 5
285 321 5
285 326 5
285 330 5
285 347 5
285 748 5
286 6 5
286 20 5
286 117 5
286 336 4
286 845 5
286 1 5
286 3 5
286 7 5
286 10 5
286 13 5
286 14 5
286 15 5
286 93 5
286 109 5
286 111 5
286 121 5
286 123 5
286 124 5
286 125 5
286 127 5
286 129 5
286 137 5
286 146 5
286 147 5
286 150 5
286 151 5
286 181 5
286 220 5
286 221 5
286 235 5
286 236 5
286 237 5
286 245 5
286 248 5
286 250 5
286 255 5
286 257 5
286 258 5
286 262 4
286 264 5
286 270 5
286 273 5
286 275 5
286 276 5
286 277 5
286 280 5
286 282 5
286 284 5
286 285 5
286 286 5
286 287 5
286 295 5
286 298 5
286 299 5
286 300 5
286 305 4
286 319 5
286 321 5
286 322 5
286 327 5
286 331 5
286 332 5
286 333 5
286 460 5
286 471 5
286 475 5
286 476 5
286 508 5
286 591 5
286 595 5
286 597 5
286 620 5
286 628 5
286 678 5
286 689 5
286 690 4
286 696 5
286 717 5
286 718 4
286 742 5
286 748 5
286 762 5
286 766 5
286 818 4
286 823 5
286 846 5
286 864 5
286 872 5
286 874 5
286 879 5
286 880 5
286 882 3
286 886 4
286 887 5
286 924 5
286 935 1
286 936 5
286 975 5
286 994 5
286 995 5
287 56 5
287 403 5
287 404 5
287 419 5
287 586 5
287 1 5
287 2 5
287 3 5
287 4 5
287 12 5
287 17 5
287 25 5
287 28 5
287 31 5
287 38 5
287 42 5
287 43 5
287 45 5
287 48 5
287 49 5
287 50 5
287 55 5
287 58 5
287 66 5
287 68 5
287 69 5
287 71 5
287 73 5
287 76 5
287 77 5
287 79 5
287 81 5
287 82 5
287 87 5
287 88 5
287 92 5
287 95 5
287 96 5
287 97 5
287 99 5
287 100 5
287 111 5
287 117 5
287 121 5
287 125 5
287 128 5
287 133 5
287 136 5
287 140 5
287 143 5
287 144 5
287 150 5
287 160 5
287 161 5
287 172 5
287 174 5
287 176 5
287 179 5
287 181 5
287 183 5
287 188 5
287 191 5
287 194 5
287 195 5
287 196 5
287 202 5
287 206 5
287 215 5
287 216 5
287 218 5
287 222 5
287 226 5
287 227 5
287 230 5
287 232 5
287 237 5
287 239 5
287 249 5
287 252 5
287 255 5
287 257 5
287 258 5
287 259 5
287 260 5
287 265 5
287 270 5
287 272 5
287 273 5
287 276 5
287 280 5
287 282 5
287 286 5
287 288 5
287 289 5
287 293 5
287 294 5
287 298 5
287 300 5
287 318 5
287 333 5
287 347 5
287 356 5
287 366 5
287 367 5
287 378 5
287 402 5
287 411 5
287 412 5
287 423 5
287 432 5
287 455 5
287 462 5
287 470 5
287 471 5
287 474 5
287 501 5
287 540 5
287 541 5
287 546 5
287 549 5
287 550 5
287 566 5
287 572 5
287 578 5
287 588 5
287 591 5
287 596 5
287 597 5
287 620 5
287 627 5
287 628 5
287 651 5
287 652 5
287 658 5
287 672 5
287 679 5
287 684 5
287 685 5
287 686 5
287 692 5
287 710 5
287 713 5
287 727 5
287 732 5
287 735 5
287 739 5
287 742 5
287 747 5
287 748 5
287 768 5
287 772 5
287 779 5
287 781 5
287 790 5
287 794 5
287 820 5
287 823 5
287 833 5
287 845 5
287 921 5
287 932 5
287 939 5
287 941 5
287 955 5
287 956 5
287 978 5
288 50 5
288 100 5
288 187 5
288 259 5
288 483 5
288 1 5
288 8 5
288 9 5
288 11 5
288 22 5
288 28 5
288 33 5
288 58 5
288 64 5
288 69 5
288 70 5
288 83 5
288 87 5
288 96 5
288 98 5
288 111 5
288 133 5
288 135 5
288 154 5
288 164 5
288 168 5
288 172 5
288 173 5
288 176 5
288 180 5
288 181 5
288 182 5
288 183 5
288 185 5
288 186 5
288 190 5
288 196 5
288 198 5
288 199 5
288 200 5
288 203 5
288 207 5
288 208 5
288 210 5
288 211 5
288 222 5
288 228 5
288 230 5
288 238 5
288 243 5
288 245 5
288 258 5
288 260 4
288 265 5
288 269 5
288 289 5
288 292 5
288 299 5
288 304 5
288 318 5
288 328 5
288 333 5
288 357 5
288 358 5
288 385 5
288 405 5
288 414 5
288 419 5
288 429 5
288 434 5
288 468 5
288 474 4
288 480 5
288 485 5
288 491 5
288 493 5
288 496 5
288 498 5
288 500 5
288 510 5
288 511 5
288 514 5
288 515 5
288 520 5
288 521 5
288 523 5
288 526 5
288 527 5
288 568 5
288 605 4
288 612 5
288 655 5
288 659 5
288 662 5
288 692 5
288 707 5
288 724 5
288 732 5
288 748 5
288 776 4
288 845 5
288 880 5
288 890 5
289 304 5
289 319 5
289 680 5
289 748 5
289 878 3
289 243 5
289 258 5
289 259 5
289 260 5
289 261 4
289 263 5
289 264 5
289 266 5
289 268 5
289 270 5
289 271 5
289 272 5
289 286 5
289 288 5
289 289 5
289 292 5
289 294 5
289 301 5
289 302 5
289 303 5
289 308 5
289 310 5
289 313 5
289 315 5
289 316 5
289 321 5
289 324 5
289 325 5
289 326 5
289 327 5
289 330 5
289 331 5
289 332 5
289 333 5
289 334 5
289 339 3
289 340 5
289 342 5
289 343 5
289 349 3
289 353 3
289 355 5
289 358 5
289 457 4
289 538 4
289 539 5
289 678 5
289 681 3
289 682 5
289 687 5
289 689 5
289 750 4
289 751 5
289 752 5
289 872 5
289 873 4
289 874 5
289 875 5
289 881 5
289 883 3
289 887 5
289 890 5
289 892 5
289 902 5
289 908 3
289 948 5
289 988 5
289 989 5
289 991 4
290 123 5
290 137 5
290 455 5
290 473 5
290 741 5
290 1 5
290 7 5
290 9 5
290 15 5
290 50 5
290 93 5
290 117 5
290 124 4
290 126 5
290 127 5
290 150 5
290 151 5
290 181 5
290 224 5
290 237 5
290 246 5
290 257 5
290 258 5
290 273 5
290 277 5
290 284 5
290 286 5
290 292 5
290 293 5
290 298 5
290 302 5
290 333 5
290 410 5
290 475 5
290 515 5
290 596 5
290 764 5
290 847 5
290 919 5
290 926 5
290 993 5
291 190 5
291 284 5
291 285 5
291 319 4
291 696 5
291 7 5
291 19 3
291 45 5
291 100 5
291 124 4
291 129 5
291 236 5
291 237 5
291 258 5
291 273 5
291 286 5
291 340 5
291 475 5
291 657 5
291 900 5
292 86 4
292 131 5
292 212 5
292 291 5
292 528 5
292 45 5
292 56 5
292 64 5
292 69 5
292 83 5
292 97 5
292 100 5
292 124 4
292 127 5
292 134 5
292 137 5
292 185 5
292 186 5
292 187 5
292 192 5
292 193 5
292 205 5
292 221 5
292 242 5
292 285 5
292 286 5
292 318 5
292 479 5
292 482 5
292 483 5
292 492 4
292 511 5
292 523 5
292 527 5
292 531 5
292 654 5
292 657 5
292 772 5
292 923 2
293 151 5
293 154 5
293 404 5
293 410 5
293 879 5
293 1 5
293 7 5
293 11 5
293 12 5
293 22 5
293 24 5
293 48 5
293 50 5
293 56 5
293 59 5
293 60 5
293 61 5
293 65 5
293 69 5
293 71 5
293 79 5
293 82 5
293 91 5
293 95 5
293 96 5
293 98 5
293 100 5
293 115 4
293 117 5
293 118 5
293 121 5
293 124 4
293 127 5
293 150 5
293 156 5
293 168 5
293 171 5
293 172 5
293 173 5
293 174 5
293 175 5
293 176 5
293 180 5
293 181 5
293 182 5
293 183 5
293 188 5
293 191 5
293 192 5
293 195 5
293 196 5
293 201 5
293 209 5
293 210 5
293 222 5
293 234 5
293 235 5
293 238 5
293 239 5
293 250 5
293 252 5
293 257 5
293 258 5
293 260 4
293 264 5
293 265 5
293 271 5
293 273 5
293 275 5
293 284 5
293 288 5
293 298 5
293 300 5
293 318 5
293 323 5
293 327 5
293 328 5
293 343 5
293 357 5
293 369 5
293 405 5
293 411 5
293 423 5
293 431 5
293 455 5
293 462 5
293 475 5
293 483 5
293 527 5
293 528 5
293 546 5
293 550 5
293 597 5
293 647 5
293 652 5
293 684 5
293 687 4
293 693 5
293 742 5
293 746 5
293 751 5
293 754 4
293 762 5
293 763 5
293 876 4
293 886 3
293 890 5
293 925 5
294 50 5
294 107 5
294 121 5
294 199 5
294 427 5
294 1 5
294 9 5
294 15 5
294 64 5
294 65 5
294 86 5
294 98 5
294 100 5
294 126 5
294 174 5
294 183 5
294 191 5
294 194 5
294 222 5
294 237 5
294 286 5
294 289 5
294 294 5
294 322 5
294 357 5
294 479 5
294 507 4
294 528 5
294 748 5
294 924 5
295 121 5
295 143 5
295 151 5
295 204 5
295 451 5
295 2 5
295 4 5
295 11 5
295 29 5
295 44 5
295 50 5
295 53 5
295 54 5
295 56 5
295 62 5
295 64 5
295 68 5
295 69 5
295 71 5
295 79 5
295 84 5
295 86 5
295 88 5
295 89 5
295 90 5
295 91 5
295 94 5
295 95 5
295 98 5
295 101 5
295 109 5
295 120 5
295 127 5
295 132 5
295 133 5
295 139 5
295 140 5
295 144 5
295 145 4
295 147 5
295 153 5
295 155 5
295 157 5
295 158 5
295 161 5
295 162 5
295 163 5
295 167 5
295 168 5
295 172 5
295 173 5
295 174 5
295 176 5
295 179 5
295 181 5
295 184 5
295 186 5
295 188 5
295 191 5
295 195 5
295 200 5
295 201 5
295 202 5
295 214 5
295 216 5
295 217 5
295 219 5
295 222 5
295 226 5
295 227 5
295 228 5
295 229 5
295 230 5
295 231 5
295 232 5
295 234 5
295 235 5
295 265 5
295 282 5
295 288 5
295 357 5
295 379 5
295 380 5
295 385 5
295 386 5
295 389 5
295 391 5
295 392 5
295 395 5
295 402 5
295 403 5
295 404 5
295 413 5
295 416 5
295 417 5
295 421 5
295 423 5
295 431 5
295 433 5
295 435 5
295 444 5
295 447 5
295 449 5
295 452 5
295 465 5
295 470 5
295 472 5
295 478 5
295 479 5
295 496 5
295 501 5
295 504 5
295 505 5
295 507 4
295 523 5
295 550 5
295 559 5
295 566 5
295 575 5
295 581 5
295 616 5
295 622 5
295 629 5
295 642 5
295 650 5
295 658 5
295 660 5
295 665 5
295 671 5
295 674 5
295 679 5
295 684 5
295 705 5
295 732 5
295 742 5
295 768 5
295 770 5
295 790 5
295 796 5
295 797 5
295 831 5
295 843 5
295 924 5
295 944 5
296 11 5
296 89 5
296 191 5
296 432 5
296 659 5
296 7 5
296 10 5
296 17 5
296 33 5
296 38 5
296 39 5
296 42 5
296 50 5
296 53 5
296 56 5
296 64 5
296 77 5
296 87 5
296 96 5
296 97 5
296 98 5
296 99 5
296 109 5
296 132 5
296 133 5
296 135 5
296 136 5
296 141 5
296 142 5
296 143 5
296 147 5
296 150 5
296 154 5
296 156 5
296 158 5
296 164 5
296 172 5
296 173 5
296 181 5
296 183 5
296 186 5
296 204 5
296 222 5
296 227 5
296 228 5
296 229 5
296 246 5
296 268 5
296 288 5
296 318 5
296 356 5
296 378 5
296 380 5
296 393 5
296 417 5
296 418 5
296 420 5
296 421 5
296 433 5
296 469 5
296 480 5
296 484 5
296 485 5
296 509 5
296 526 5
296 528 5
296 532 5
296 554 5
296 561 5
296 607 5
296 625 5
296 633 5
296 727 5
296 743 5
296 746 5
296 774 5
296 825 5
296 921 5
297 82 5
297 298 5
297 420 5
297 720 5
297 746 5
297 1 5
297 2 5
297 3 5
297 11 5
297 12 5
297 13 5
297 19 3
297 24 5
297 25 5
297 28 5
297 31 5
297 38 5
297 39 5
297 54 5
297 56 5
297 66 5
297 67 5
297 70 5
297 71 5
297 72 5
297 77 5
297 79 5
297 80 5
297 87 5
297 89 5
297 94 5
297 95 5
297 96 5
297 97 5
297 98 5
297 99 5
297 100 5
297 101 5
297 105 5
297 108 5
297 109 5
297 114 5
297 118 5
297 122 5
297 127 5
297 139 5
297 145 4
297 152 5
297 153 5
297 155 5
297 161 5
297 163 5
297 164 5
297 167 5
297 168 5
297 173 5
297 174 5
297 175 5
297 181 5
297 183 5
297 185 5
297 186 5
297 187 5
297 188 5
297 189 5
297 194 5
297 195 5
297 197 5
297 202 5
297 204 5
297 208 5
297 217 5
297 222 5
297 225 5
297 227 5
297 228 5
297 229 5
297 230 5
297 233 5
297 234 5
297 240 5
297 242 5
297 248 5
297 250 5
297 252 5
297 257 5
297 258 5
297 260 5
297 268 5
297 273 5
297 274 5
297 288 5
297 291 5
297 325 5
297 358 5
297 363 5
297 364 5
297 373 5
297 381 5
297 382 5
297 384 5
297 385 5
297 386 5
297 393 5
297 395 5
297 399 5
297 403 5
297 405 5
297 407 5
297 408 4
297 412 5
297 418 5
297 423 5
297 431 5
297 432 5
297 451 5
297 452 5
297 455 5
297 465 5
297 472 5
297 475 5
297 501 5
297 508 5
297 510 5
297 526 5
297 540 5
297 545 5
297 549 5
297 550 5
297 552 5
297 559 5
297 562 5
297 566 5
297 568 5
297 570 5
297 575 5
297 577 5
297 578 5
297 588 5
297 590 5
297 597 5
297 603 5
297 625 5
297 627 5
297 645 5
297 651 5
297 652 5
297 655 5
297 657 5
297 679 5
297 692 5
297 716 5
297 721 5
297 722 5
297 724 5
297 731 5
297 741 5
297 748 5
297 758 5
297 765 5
297 771 5
297 780 5
297 781 5
297 783 5
297 790 5
297 792 5
297 797 5
297 802 5
297 808 5
297 809 5
297 810 4
297 840 5
297 849 5
297 864 5
297 940 5
297 943 5
297 1000 5
298 212 4
298 514 5
298 538 5
298 591 5
298 603 5
298 10 5
298 11 5
298 12 5
298 23 5
298 32 5
298 50 5
298 53 5
298 54 5
298 56 5
298 59 5
298 61 5
298 79 5
298 83 5
298 89 5
298 98 5
298 121 5
298 124 4
298 127 5
298 136 5
298 137 5
298 144 5
298 150 5
298 151 5
298 156 5
298 160 5
298 164 5
298 168 5
298 171 5
298 172 5
298 175 5
298 176 5
298 182 5
298 183 5
298 186 5
298 187 5
298 191 5
298 192 5
298 197 5
298 202 5
298 203 5
298 204 5
298 210 5
298 218 5
298 222 5
298 228 5
298 229 5
298 258 5
298 262 5
298 271 5
298 275 5
298 288 5
298 293 5
298 302 5
298 340 5
298 381 5
298 425 5
298 435 5
298 443 5
298 447 5
298 448 5
298 449 5
298 464 2
298 474 5
298 475 5
298 483 5
298 484 4
298 486 5
298 489 5
298 512 5
298 515 5
298 522 5
298 525 2
298 548 5
298 554 5
298 558 5
298 594 5
298 607 5
298 628 5
298 631 5
298 649 5
298 652 5
298 656 5
298 664 5
298 675 5
298 693 5
298 754 3
298 772 5
298 806 5
298 887 5
298 919 4
298 922 2
298 933 5
298 985 5
299 127 5
299 136 5
299 307 5
299 347 4
299 664 5
299 7 5
299 8 5
299 11 5
299 12 5
299 50 5
299 69 5
299 87 5
299 97 5
299 117 5
299 132 5
299 153 5
299 157 5
299 176 5
299 177 5
299 181 5
299 182 5
299 183 5
299 191 5
299 193 5
299 194 5
299 198 5
299 202 5
299 207 5
299 210 5
299 213 5
299 215 5
299 238 5
299 251 4
299 271 5
299 272 5
299 275 5
299 295 5
299 300 5
299 301 5
299 312 4
299 313 5
299 318 5
299 326 5
299 357 5
299 414 5
299 425 5
299 427 5
299 463 5
299 474 5
299 482 5
299 483 5
299 484 5
299 486 5
299 497 5
299 511 5
299 514 5
299 516 4
299 520 5
299 521 5
299 530 5
299 539 5
299 605 5
299 651 5
299 657 5
299 661 5
299 663 5
299 690 4
299 692 5
299 742 5
299 750 4
299 879 5
299 886 4
299 887 5
299 902 3
300 111 5
300 202 5
300 237 5
300 258 5
300 708 5
300 1 5
300 3 5
300 8 5
300 9 5
300 15 5
300 25 5
300 28 5
300 30 5
300 39 5
300 42 5
300 43 5
300 44 5
300 45 5
300 50 5
300 56 5
300 58 5
300 59 5
300 61 5
300 62 5
300 69 5
300 70 5
300 72 5
300 77 5
300 83 5
300 88 5
300 89 5
300 94 5
300 97 5
300 98 5
300 100 5
300 116 5
300 118 5
300 120 5
300 125 5
300 129 5
300 133 5
300 135 5
300 143 5
300 147 5
300 159 5
300 164 5
300 172 5
300 175 5
300 179 5
300 181 5
300 196 5
300 204 5
300 208 5
300 210 5
300 211 5
300 216 5
300 217 5
300 223 5
300 234 5
300 235 5
300 238 5
300 244 5
300 245 5
300 246 5
300 250 5
300 252 5
300 255 5
300 257 5
300 268 5
300 274 5
300 275 5
300 276 5
300 281 5
300 282 5
300 283 5
300 284 5
300 285 5
300 287 5
300 294 5
300 298 5
300 300 5
300 301 5
300 304 5
300 316 5
300 319 5
300 325 4
300 381 5
300 386 5
300 387 5
300 393 5
300 396 5
300 405 5
300 407 5
300 412 5
300 421 5
300 448 5
300 464 3
300 469 5
300 471 5
300 472 5
300 475 5
300 476 5
300 479 5
300 498 5
300 509 5
300 514 5
300 517 5
300 522 4
300 529 5
300 531 5
300 535 5
300 553 5
300 559 5
300 568 5
300 569 5
300 584 5
300 611 5
300 619 5
300 639 5
300 640 5
300 660 5
300 662 5
300 665 5
300 699 5
300 709 5
300 714 5
300 721 5
300 729 5
300 735 5
300 739 5
300 742 5
300 762 5
300 768 5
300 775 5
300 780 5
300 781 5
300 815 5
300 821 5
300 827 5
300 836 5
300 845 5
300 930 5
300 964 5
300 971 5
300 988 5
300 996 5
